17
2
2
0 16 20 4 0 -1
0 18 20 2 0 2
haar_y2
5.482657e-02 1 0
2
7 6 4 8 0 -1
7 8 4 4 0 2
haar_y4
6.164998e-03 -1 -2
6.060475e-01 -5.957205e-01 -1.211000e-02 
2
2
18 0 2 20 0 -1
18 5 2 10 0 2
haar_y4
-5.402812e-02 0 1
2
16 8 3 3 0 -1
17 9 1 1 0 9
haar_point
-8.177921e-03 -1 -2
4.233644e-01 3.658401e-01 -3.393236e-01 
2
2
4 11 8 4 0 -1
4 13 8 2 0 2
haar_y2
-2.651635e-03 1 0
2
18 2 2 16 0 -1
18 2 2 8 0 2
tilted_haar_y2
1.038365e-01 -1 -2
-4.431014e-01 3.148161e-01 -5.826467e-01 
2
2
9 7 4 2 0 -1
9 7 2 2 0 2
tilted_haar_x2
-1.339391e-03 0 1
2
9 8 2 1 0 -1
9 8 1 1 0 2
tilted_haar_x2
1.905659e-03 -1 -2
-4.993858e-01 2.413703e-01 -5.120780e-01 
2
2
0 4 2 12 0 -1
1 4 1 12 0 2
haar_x2
-1.131779e-02 0 1
2
0 7 4 6 0 -1
2 7 2 6 0 2
haar_x2
1.393088e-02 -1 -2
5.256441e-01 -3.065364e-01 3.381288e-01 
2
2
15 6 2 3 0 -1
15 7 2 1 0 3
haar_y3
-4.286552e-03 0 1
2
14 6 3 3 0 -1
14 7 3 1 0 3
haar_y3
5.978840e-03 -1 -2
6.171045e-01 -2.073608e-01 5.574778e-01 
2
2
14 5 2 6 0 -1
14 5 2 3 0 2
tilted_haar_y2
-3.596278e-02 0 1
2
6 9 2 1 0 -1
7 9 1 1 0 2
haar_x2
-3.583585e-04 -1 -2
-6.886312e-01 -4.533812e-01 2.117164e-01 
2
2
17 11 1 3 0 -1
17 12 1 1 0 3
haar_y3
2.879139e-03 1 0
3
14 5 4 2 0 -1
14 5 2 1 0 2
16 6 2 1 0 2
haar_x2_y2
-5.154745e-03 -1 -2
7.370154e-01 7.364689e-01 -1.551804e-01 
2
2
13 9 3 2 0 -1
14 10 1 2 0 3
tilted_haar_x3
-5.119424e-03 0 1
2
12 8 2 3 0 -1
13 8 1 3 0 2
haar_x2
-4.144115e-05 -1 -2
-5.099455e-01 2.908722e-01 -2.526439e-01 
2
2
8 8 12 11 0 -1
14 8 6 11 0 2
haar_x2
-1.868554e-01 0 1
2
11 7 1 3 0 -1
10 8 1 1 0 3
tilted_haar_y3
-1.286731e-03 -1 -2
-6.564779e-01 -4.766377e-01 1.754632e-01 
2
2
9 0 1 3 0 -1
9 1 1 1 0 3
haar_y3
-4.022041e-03 0 1
2
0 9 2 1 0 -1
1 9 1 1 0 2
haar_x2
1.634550e-05 -1 -2
7.422801e-01 -3.205793e-01 1.454271e-01 
2
2
5 16 2 1 0 -1
6 16 1 1 0 2
haar_x2
-2.631327e-04 0 1
2
0 3 20 12 0 -1
10 3 10 12 0 2
haar_x2
2.310017e-01 -1 -2
-3.443525e-01 2.333814e-01 -6.406735e-01 
2
2
8 11 1 8 0 -1
8 11 1 4 0 2
tilted_haar_y2
-1.058018e-02 1 0
2
3 12 2 1 0 -1
4 12 1 1 0 2
haar_x2
-1.496387e-04 -1 -2
-2.005482e-01 -1.390969e-01 5.780151e-01 
2
2
11 17 1 2 0 -1
11 18 1 1 0 2
haar_y2
1.092542e-04 0 1
2
9 17 3 3 0 -1
10 18 1 1 0 9
haar_point
1.324834e-02 -1 -2
1.982134e-01 -4.100772e-01 6.312320e-01 
2
3
13 14 2 2 0 -1
13 14 1 1 0 2
14 15 1 1 0 2
haar_x2_y2
-1.451162e-03 0 1
2
16 13 1 3 0 -1
16 14 1 1 0 3
haar_y3
-2.722067e-03 -1 -2
6.582005e-01 5.407563e-01 -1.748706e-01 
2
2
10 14 1 2 0 -1
10 15 1 1 0 2
haar_y2
-1.773585e-05 0 1
2
10 14 1 3 0 -1
10 15 1 1 0 3
haar_y3
3.040532e-03 -1 -2
2.353113e-01 -3.673166e-01 6.059054e-01 
2
2
10 4 10 16 0 -1
10 12 10 8 0 2
haar_y2
-2.692632e-01 0 1
2
6 6 3 6 0 -1
7 6 1 6 0 3
haar_x3
-5.393803e-03 -1 -2
-6.897097e-01 -6.432418e-01 1.664953e-01 
-1.707315e+00

1
-1
