51
2
2
0 5 2 11 0 -1
1 5 1 11 0 2
haar_x2
-6.661535e-03 1 0
2
2 10 2 1 0 -1
3 10 1 1 0 2
haar_x2
1.552882e-05 -1 -2
-1.655416e-01 -1.506562e-01 4.611540e-01 
2
2
2 6 14 5 0 -1
9 6 7 5 0 2
haar_x2
-5.584219e-03 1 0
2
8 8 3 6 0 -1
8 10 3 2 0 3
haar_y3
1.335849e-03 -1 -2
-2.122054e-01 -2.620185e-01 2.780657e-01 
2
2
18 0 2 19 0 -1
19 0 1 19 0 2
haar_x2
6.802070e-03 0 1
2
17 10 3 10 0 -1
17 15 3 5 0 2
haar_y2
8.010412e-03 -1 -2
-1.555748e-01 -1.828719e-01 3.532983e-01 
2
2
16 7 3 7 0 -1
17 7 1 7 0 3
haar_x3
2.617695e-03 0 1
2
14 8 2 4 0 -1
15 8 1 4 0 2
haar_x2
2.773484e-03 -1 -2
-1.566572e-01 3.113832e-01 -4.835314e-01 
2
2
4 9 3 1 0 -1
5 9 1 1 0 3
haar_x3
-2.153035e-03 0 1
2
8 7 7 6 0 -1
6 9 7 2 0 3
tilted_haar_y3
-9.447645e-02 -1 -2
-5.897306e-01 5.782588e-01 -5.738327e-03 
2
2
1 15 1 2 0 -1
1 16 1 1 0 2
haar_y2
2.433066e-04 1 0
2
0 14 1 4 0 -1
0 16 1 2 0 2
haar_y2
-4.671741e-04 -1 -2
-1.959251e-01 -8.442385e-02 2.903573e-01 
2
2
7 11 1 6 0 -1
5 13 1 2 0 3
tilted_haar_y3
-1.411565e-02 1 0
2
3 14 2 1 0 -1
4 14 1 1 0 2
haar_x2
-1.578236e-04 -1 -2
-9.324602e-02 -2.650065e-01 3.950825e-01 
2
2
3 15 1 2 0 -1
3 16 1 1 0 2
haar_y2
9.524904e-05 1 0
2
19 0 1 6 0 -1
17 2 1 2 0 3
tilted_haar_y3
-1.693144e-02 -1 -2
-1.838508e-01 4.037752e-01 1.222622e-02 
2
2
0 17 2 1 0 -1
1 17 1 1 0 2
haar_x2
-1.604085e-04 0 1
2
16 5 3 6 0 -1
16 5 3 3 0 2
tilted_haar_y2
-5.522843e-02 -1 -2
-1.874295e-01 -5.836872e-01 1.867312e-01 
2
2
12 8 4 3 0 -1
13 8 2 3 0 2
haar_x4
-1.658113e-05 1 0
3
1 16 8 4 0 -1
1 16 4 2 0 2
5 18 4 2 0 2
haar_x2_y2
5.696083e-03 -1 -2
-1.620966e-01 -6.114484e-03 4.239643e-01 
2
2
14 11 6 3 0 -1
16 12 2 1 0 9
haar_point
-9.047126e-03 1 0
2
17 12 2 1 0 -1
18 12 1 1 0 2
haar_x2
1.056336e-04 -1 -2
-1.129359e-01 4.456113e-01 -3.447737e-02 
2
2
6 8 2 3 0 -1
7 8 1 3 0 2
haar_x2
1.592159e-05 0 1
2
1 6 16 14 0 -1
9 6 8 14 0 2
haar_x2
2.671812e-01 -1 -2
-1.916780e-01 1.486443e-01 -7.833317e-01 
2
2
16 9 3 3 0 -1
17 10 1 1 0 9
haar_point
-9.885104e-03 0 1
2
19 8 1 2 0 -1
19 9 1 1 0 2
haar_y2
-2.380640e-04 -1 -2
3.035617e-01 -2.712075e-01 4.796217e-02 
2
2
17 14 2 1 0 -1
18 14 1 1 0 2
haar_x2
1.161809e-04 1 0
2
17 14 2 1 0 -1
18 14 1 1 0 2
haar_x2
-1.475539e-04 -1 -2
-1.693338e-01 -9.047439e-02 3.611871e-01 
2
2
2 2 15 9 0 -1
7 2 5 9 0 3
haar_x3
1.363674e-01 1 0
2
5 3 2 1 0 -1
6 3 1 1 0 2
haar_x2
-1.912818e-04 -1 -2
-3.296729e-01 -1.521465e-01 1.854806e-01 
2
2
16 8 4 3 0 -1
16 9 4 1 0 3
haar_y3
-9.025346e-04 1 0
2
16 9 2 1 0 -1
17 9 1 1 0 2
haar_x2
1.834805e-04 -1 -2
-1.225454e-01 3.010184e-01 -2.476673e-01 
2
3
14 8 4 2 0 -1
14 8 2 1 0 2
16 9 2 1 0 2
haar_x2_y2
1.396321e-03 1 0
2
12 8 4 2 0 -1
12 9 4 1 0 2
haar_y2
7.955888e-04 -1 -2
2.539967e-01 -2.415717e-01 1.265953e-01 
2
2
8 7 12 6 0 -1
8 10 12 3 0 2
haar_y2
3.409494e-02 1 0
2
13 7 2 2 0 -1
14 7 1 2 0 2
haar_x2
-1.495371e-05 -1 -2
-4.460882e-01 1.736184e-01 -1.582973e-01 
2
2
8 7 3 3 0 -1
9 7 1 3 0 3
haar_x3
-2.517997e-03 0 1
2
0 13 12 6 0 -1
4 13 4 6 0 3
haar_x3
-2.221223e-02 -1 -2
-6.268679e-01 2.107228e-01 -8.652836e-02 
2
2
13 15 3 3 0 -1
14 16 1 1 0 9
haar_point
1.271508e-04 1 0
2
13 16 1 2 0 -1
13 17 1 1 0 2
haar_y2
7.627934e-05 -1 -2
-1.800937e-01 2.925594e-01 -9.273051e-02 
2
2
3 10 2 1 0 -1
4 10 1 1 0 2
haar_x2
4.895606e-05 0 1
2
0 14 3 6 0 -1
1 14 1 6 0 3
haar_x3
-2.436034e-03 -1 -2
-1.770051e-01 4.053479e-01 -4.013652e-03 
2
2
15 11 4 3 0 -1
14 12 4 1 0 3
tilted_haar_y3
-6.729621e-03 0 1
2
10 12 6 6 0 -1
12 14 2 2 0 9
haar_point
-1.026650e-02 -1 -2
2.419086e-01 9.382290e-02 -2.669765e-01 
2
2
1 0 16 1 0 -1
5 4 8 1 0 2
tilted_haar_x4
-1.083487e-02 0 1
2
12 6 3 3 0 -1
13 6 1 3 0 3
haar_x3
-4.488483e-05 -1 -2
2.032053e-01 7.518601e-02 -3.134294e-01 
2
2
8 4 8 6 0 -1
10 4 4 6 0 2
haar_x4
-2.275518e-02 0 1
2
0 8 2 5 0 -1
1 8 1 5 0 2
haar_x2
1.979840e-03 -1 -2
-5.123573e-01 -8.050346e-02 2.510360e-01 
2
2
13 4 3 3 0 -1
14 5 1 1 0 9
haar_point
-4.893265e-03 0 1
3
18 11 2 4 0 -1
18 11 1 2 0 2
19 13 1 2 0 2
haar_x2_y2
-5.481111e-03 -1 -2
2.105840e-01 5.652856e-01 -1.342521e-01 
2
2
13 1 3 2 0 -1
14 2 1 2 0 3
tilted_haar_x3
-6.990901e-03 0 1
2
4 15 2 1 0 -1
5 15 1 1 0 2
haar_x2
-8.642033e-05 -1 -2
3.501341e-01 -2.776571e-01 4.765967e-02 
2
2
3 15 9 1 0 -1
6 15 3 1 0 3
haar_x3
-3.536999e-03 0 1
3
18 8 2 2 0 -1
18 8 1 1 0 2
19 9 1 1 0 2
haar_x2_y2
-1.316037e-03 -1 -2
2.234797e-01 2.598946e-01 -1.674938e-01 
2
3
8 11 4 6 0 -1
8 11 2 3 0 2
10 14 2 3 0 2
haar_x2_y2
-1.907525e-03 0 1
3
9 10 2 2 0 -1
9 10 1 1 0 2
10 11 1 1 0 2
haar_x2_y2
-1.564336e-05 -1 -2
2.041078e-01 7.877763e-02 -2.612573e-01 
2
2
6 9 1 3 0 -1
6 10 1 1 0 3
haar_y3
2.753021e-03 1 0
2
7 6 9 5 0 -1
10 6 3 5 0 3
haar_x3
-2.780846e-03 -1 -2
-6.248775e-01 2.573473e-01 -7.713303e-02 
2
3
13 1 2 2 0 -1
13 1 1 1 0 2
14 2 1 1 0 2
haar_x2_y2
-2.719612e-03 0 1
3
12 0 8 14 0 -1
12 0 4 7 0 2
16 7 4 7 0 2
haar_x2_y2
2.612619e-02 -1 -2
5.272915e-01 3.921587e-02 -3.205537e-01 
2
2
15 1 1 2 0 -1
15 2 1 1 0 2
haar_y2
-4.988688e-04 0 1
3
1 9 10 8 0 -1
1 9 5 4 0 2
6 13 5 4 0 2
haar_x2_y2
-1.915126e-02 -1 -2
-2.211474e-01 3.010752e-01 -3.896854e-02 
2
2
15 5 2 1 0 -1
16 5 1 1 0 2
haar_x2
1.225836e-04 1 0
2
14 5 3 3 0 -1
15 6 1 1 0 9
haar_point
-5.730008e-04 -1 -2
-2.147682e-01 2.903724e-01 -5.548519e-02 
2
2
6 10 1 2 0 -1
6 11 1 1 0 2
haar_y2
1.185594e-03 1 0
3
14 7 6 2 0 -1
14 7 3 1 0 2
17 8 3 1 0 2
haar_x2_y2
4.041816e-03 -1 -2
-5.726942e-01 -2.887465e-02 3.430578e-01 
2
2
18 4 1 2 0 -1
18 5 1 1 0 2
haar_y2
-6.387278e-04 1 0
2
12 4 1 2 0 -1
12 5 1 1 0 2
haar_y2
1.677091e-05 -1 -2
9.192950e-02 -4.245628e-01 1.227136e-01 
2
2
17 0 1 10 0 -1
17 5 1 5 0 2
haar_y2
-1.792482e-02 1 0
2
0 6 3 12 0 -1
1 10 1 4 0 9
haar_point
-1.013776e-02 -1 -2
-1.049738e-01 4.207535e-01 -1.330606e-01 
2
2
1 14 1 2 0 -1
1 15 1 1 0 2
haar_y2
1.999230e-04 1 0
2
11 8 7 3 0 -1
10 9 7 1 0 3
tilted_haar_y3
-1.188058e-02 -1 -2
-1.827962e-01 5.034388e-01 4.133074e-02 
2
2
14 6 3 3 0 -1
15 7 1 1 0 9
haar_point
-5.291604e-03 1 0
2
12 7 1 3 0 -1
11 8 1 1 0 3
tilted_haar_y3
3.496693e-03 -1 -2
-8.044801e-02 3.180422e-01 -6.217003e-01 
2
2
12 9 2 3 0 -1
13 9 1 3 0 2
haar_x2
-4.245502e-05 1 0
2
12 9 3 2 0 -1
13 10 1 2 0 3
tilted_haar_x3
5.183422e-03 -1 -2
-2.326797e-01 1.437510e-01 -4.173112e-01 
2
2
11 8 3 3 0 -1
12 8 1 3 0 3
haar_x3
-4.104703e-05 0 1
2
10 10 2 1 0 -1
11 10 1 1 0 2
haar_x2
6.790222e-05 -1 -2
1.310139e-01 -2.710242e-01 1.968152e-01 
2
3
18 14 2 2 0 -1
18 14 1 1 0 2
19 15 1 1 0 2
haar_x2_y2
-1.855948e-03 0 1
2
12 12 6 3 0 -1
14 13 2 1 0 9
haar_point
-3.384187e-02 -1 -2
4.071353e-01 5.172701e-01 -8.757602e-02 
2
2
0 3 4 16 0 -1
2 3 2 16 0 2
haar_x2
-3.364082e-02 0 1
2
18 11 2 1 0 -1
19 11 1 1 0 2
haar_x2
1.680772e-04 -1 -2
2.395662e-01 3.348721e-02 -3.254677e-01 
2
2
0 12 9 2 0 -1
0 13 9 1 0 2
haar_y2
1.973014e-03 0 1
2
0 6 15 10 0 -1
0 11 15 5 0 2
haar_y2
1.156149e-01 -1 -2
7.312553e-02 -4.075714e-01 5.836819e-01 
2
3
8 3 4 2 0 -1
8 3 2 1 0 2
10 4 2 1 0 2
haar_x2_y2
6.570854e-03 1 0
2
2 10 1 2 0 -1
2 11 1 1 0 2
haar_y2
-3.605584e-05 -1 -2
6.293462e-01 8.632473e-02 -2.020846e-01 
2
2
10 8 3 3 0 -1
11 8 1 3 0 3
haar_x3
3.891510e-03 1 0
2
3 9 1 8 0 -1
3 11 1 4 0 2
haar_y4
1.686019e-03 -1 -2
-6.559306e-01 -6.060656e-02 2.370186e-01 
2
2
12 5 2 12 0 -1
9 8 2 6 0 2
tilted_haar_y4
-2.212770e-02 1 0
2
7 13 1 2 0 -1
7 14 1 1 0 2
haar_y2
-1.823363e-05 -1 -2
-1.114438e-01 3.946726e-01 -1.147936e-01 
2
2
1 14 2 1 0 -1
2 14 1 1 0 2
haar_x2
-8.163135e-05 0 1
2
0 15 8 1 0 -1
2 15 4 1 0 2
haar_x4
-1.545521e-03 -1 -2
-1.865268e-01 3.911152e-01 -1.001568e-02 
2
2
10 3 4 8 0 -1
8 5 4 4 0 2
tilted_haar_y4
-2.729696e-02 0 1
2
13 6 2 3 0 -1
13 7 2 1 0 3
haar_y3
-1.369896e-03 -1 -2
-4.827005e-01 2.923569e-01 -5.417999e-02 
2
2
18 10 2 10 0 -1
18 15 2 5 0 2
haar_y2
8.279068e-02 1 0
2
14 16 2 1 0 -1
15 16 1 1 0 2
haar_x2
-8.785659e-05 -1 -2
-6.354898e-01 -1.582253e-01 1.437719e-01 
2
2
14 14 6 4 0 -1
16 14 2 4 0 3
haar_x3
-1.448971e-02 0 1
2
10 2 9 6 0 -1
13 4 3 2 0 9
haar_point
-2.525514e-02 -1 -2
2.517401e-01 8.918799e-02 -2.449757e-01 
2
2
16 3 2 1 0 -1
17 3 1 1 0 2
haar_x2
2.374953e-04 0 1
2
16 3 2 1 0 -1
17 3 1 1 0 2
haar_x2
6.272146e-03 -1 -2
9.068624e-02 -2.879615e-01 7.371832e-01 
2
3
0 11 2 6 0 -1
0 11 1 3 0 2
1 14 1 3 0 2
haar_x2_y2
7.299102e-03 1 0
3
12 4 4 10 0 -1
12 4 2 5 0 2
14 9 2 5 0 2
haar_x2_y2
-2.084764e-02 -1 -2
4.860643e-01 -5.651565e-01 4.381917e-03 
-1.536686e+00

15
-1
