48
2
2
0 4 2 15 0 -1
1 4 1 15 0 2
haar_x2
-3.712889e-03 1 0
2
1 9 2 1 0 -1
2 9 1 1 0 2
haar_x2
1.618525e-05 -1 -2
-1.974581e-01 -1.125907e-01 4.188161e-01 
2
2
11 8 2 2 0 -1
11 8 2 1 0 2
tilted_haar_y2
-1.912754e-05 1 0
2
16 8 2 3 0 -1
16 9 2 1 0 3
haar_y3
-2.749667e-03 -1 -2
-2.384035e-01 5.332880e-01 2.978793e-02 
2
2
0 9 3 1 0 -1
1 9 1 1 0 3
haar_x3
1.426432e-05 1 0
2
13 6 1 2 0 -1
13 6 1 1 0 2
tilted_haar_y2
-4.685564e-05 -1 -2
1.917718e-01 -4.045608e-02 -4.408364e-01 
2
2
15 8 3 4 0 -1
16 9 1 4 0 3
tilted_haar_x3
-9.295413e-03 0 1
3
16 12 4 6 0 -1
16 12 2 3 0 2
18 15 2 3 0 2
haar_x2_y2
5.735167e-03 -1 -2
-4.335887e-01 -9.932040e-02 2.707709e-01 
2
2
15 12 3 3 0 -1
16 13 1 1 0 9
haar_point
-5.204566e-03 1 0
3
11 5 6 12 0 -1
11 5 3 6 0 2
14 11 3 6 0 2
haar_x2_y2
-2.502077e-02 -1 -2
-1.170612e-01 -4.667629e-01 3.401397e-01 
2
2
4 6 2 4 0 -1
5 6 1 4 0 2
haar_x2
3.102779e-03 1 0
2
10 8 3 2 0 -1
11 9 1 2 0 3
tilted_haar_x3
8.885525e-03 -1 -2
-3.691097e-01 1.071396e-01 -6.585527e-01 
2
2
11 7 4 2 0 -1
11 7 2 2 0 2
tilted_haar_x2
6.971303e-04 0 1
2
15 10 3 3 0 -1
15 11 3 1 0 3
haar_y3
-4.730289e-03 -1 -2
-3.533792e-01 4.217005e-01 -1.458800e-02 
2
3
2 14 12 4 0 -1
2 14 6 2 0 2
8 16 6 2 0 2
haar_x2_y2
-3.880960e-02 0 1
3
7 15 10 2 0 -1
7 15 5 1 0 2
12 16 5 1 0 2
haar_x2_y2
1.555659e-02 -1 -2
4.904329e-01 -9.118479e-02 4.822918e-01 
2
2
7 9 1 4 0 -1
7 10 1 2 0 2
haar_y4
6.882560e-05 1 0
2
6 10 8 3 0 -1
10 10 4 3 0 2
haar_x2
5.059228e-03 -1 -2
1.119583e-01 -3.618956e-01 2.252960e-01 
2
2
8 16 1 2 0 -1
8 17 1 1 0 2
haar_y2
1.486606e-04 1 0
2
9 14 1 6 0 -1
9 17 1 3 0 2
haar_y2
5.170944e-03 -1 -2
-2.090686e-01 8.595842e-03 5.232276e-01 
2
2
8 17 1 2 0 -1
8 18 1 1 0 2
haar_y2
3.190532e-04 1 0
2
4 16 13 4 0 -1
4 18 13 2 0 2
haar_y2
2.424994e-02 -1 -2
-2.018566e-01 -2.176411e-03 3.957973e-01 
2
2
9 7 6 8 0 -1
11 7 2 8 0 3
haar_x3
-9.028220e-04 1 0
2
9 10 3 2 0 -1
10 10 1 2 0 3
haar_x3
8.027232e-04 -1 -2
-1.477936e-01 2.793845e-01 -2.968376e-01 
2
2
8 13 2 6 0 -1
8 15 2 2 0 3
haar_y3
-1.569450e-02 0 1
2
4 12 4 3 0 -1
4 13 4 1 0 3
haar_y3
-1.527278e-03 -1 -2
3.362378e-01 -2.862962e-01 5.181564e-02 
2
2
9 10 6 5 0 -1
11 10 2 5 0 3
haar_x3
-1.754290e-02 0 1
2
6 13 9 1 0 -1
9 13 3 1 0 3
haar_x3
-1.261934e-03 -1 -2
-5.100973e-01 2.518533e-01 -7.109880e-02 
2
2
0 12 9 3 0 -1
3 13 3 1 0 9
haar_point
-1.919596e-02 1 0
2
3 12 2 1 0 -1
4 12 1 1 0 2
haar_x2
-9.472423e-05 -1 -2
-1.046056e-01 -2.036552e-01 4.110362e-01 
2
2
1 12 2 1 0 -1
2 12 1 1 0 2
haar_x2
-1.116477e-04 0 1
2
5 12 6 2 0 -1
7 12 2 2 0 3
haar_x3
-1.430218e-03 -1 -2
-2.469728e-01 3.805174e-01 -7.244216e-03 
2
2
5 0 2 1 0 -1
6 0 1 1 0 2
haar_x2
-6.351912e-04 0 1
2
3 11 2 3 0 -1
2 12 2 1 0 3
tilted_haar_y3
5.507204e-03 -1 -2
-3.136883e-01 7.348486e-04 4.185528e-01 
2
3
10 11 6 2 0 -1
10 11 3 1 0 2
13 12 3 1 0 2
haar_x2_y2
-4.374517e-03 0 1
2
18 0 2 14 0 -1
19 0 1 14 0 2
haar_x2
1.408616e-02 -1 -2
4.616279e-01 -1.274900e-01 2.467332e-01 
2
2
14 8 2 1 0 -1
15 8 1 1 0 2
haar_x2
-1.411798e-05 0 1
2
15 7 2 2 0 -1
15 8 2 1 0 2
haar_y2
1.551642e-03 -1 -2
1.238934e-01 -3.884474e-01 1.718704e-01 
2
2
13 8 3 1 0 -1
14 8 1 1 0 3
haar_x3
-1.426432e-05 1 0
2
7 8 7 6 0 -1
7 10 7 2 0 3
haar_y3
-9.685064e-03 -1 -2
-1.757816e-01 -3.613854e-01 2.262335e-01 
2
2
0 16 1 4 0 -1
0 18 1 2 0 2
haar_y2
-5.001199e-03 0 1
2
6 7 11 8 0 -1
6 9 11 4 0 2
haar_y4
6.073347e-02 -1 -2
-4.613045e-01 1.042822e-01 -3.656036e-01 
2
3
9 10 2 4 0 -1
9 10 1 2 0 2
10 12 1 2 0 2
haar_x2_y2
-2.249872e-04 1 0
2
4 15 2 1 0 -1
5 15 1 1 0 2
haar_x2
-1.804005e-04 -1 -2
-1.058548e-01 -2.560266e-01 3.818011e-01 
2
3
6 13 6 4 0 -1
6 13 3 2 0 2
9 15 3 2 0 2
haar_x2_y2
-2.308555e-03 1 0
2
4 11 1 2 0 -1
4 12 1 1 0 2
haar_y2
-1.927429e-05 -1 -2
-1.056926e-01 3.747108e-01 -1.504181e-01 
2
2
2 15 9 2 0 -1
5 15 3 2 0 3
haar_x3
-2.121338e-03 1 0
2
6 15 1 2 0 -1
6 16 1 1 0 2
haar_y2
1.255549e-04 -1 -2
-1.269933e-01 3.322977e-01 -1.566382e-01 
2
2
13 2 3 3 0 -1
14 3 1 1 0 9
haar_point
1.361100e-02 1 0
2
16 0 4 16 0 -1
16 0 2 16 0 2
tilted_haar_x2
8.503963e-02 -1 -2
4.344233e-01 2.049324e-02 -3.789782e-01 
2
2
14 4 4 4 0 -1
16 4 2 4 0 2
haar_x2
-4.795868e-03 0 1
3
18 13 2 2 0 -1
18 13 1 1 0 2
19 14 1 1 0 2
haar_x2_y2
-1.939065e-03 -1 -2
1.824743e-01 4.047471e-01 -1.685377e-01 
2
2
14 12 1 3 0 -1
13 13 1 1 0 3
tilted_haar_y3
-4.718287e-04 0 1
2
11 12 4 3 0 -1
10 13 4 1 0 3
tilted_haar_y3
-1.891378e-03 -1 -2
1.585436e-01 5.470389e-02 -3.555740e-01 
2
2
5 1 15 3 0 -1
10 6 5 3 0 3
tilted_haar_x3
-1.630975e-01 0 1
2
10 9 10 6 0 -1
10 12 10 3 0 2
haar_y2
2.900315e-03 -1 -2
6.350924e-01 5.670360e-02 -3.408766e-01 
2
2
11 10 2 2 0 -1
12 10 1 2 0 2
haar_x2
-1.495371e-05 0 1
3
12 8 2 4 0 -1
12 8 1 2 0 2
13 10 1 2 0 2
haar_x2_y2
4.984976e-04 -1 -2
9.626593e-02 -5.036787e-01 4.504633e-02 
2
2
12 17 1 2 0 -1
12 18 1 1 0 2
haar_y2
2.735126e-04 0 1
2
4 0 9 8 0 -1
4 4 9 4 0 2
haar_y2
-8.391494e-02 -1 -2
1.137632e-01 1.699392e-01 -3.471416e-01 
2
2
4 15 1 2 0 -1
4 16 1 1 0 2
haar_y2
5.305007e-05 1 0
2
3 12 5 3 0 -1
2 13 5 1 0 3
tilted_haar_y3
-9.491902e-03 -1 -2
-1.893843e-01 3.392652e-01 -5.297924e-02 
2
2
9 13 1 4 0 -1
8 14 1 2 0 2
tilted_haar_y4
-3.426592e-03 1 0
2
8 7 4 7 0 -1
10 7 2 7 0 2
haar_x2
-6.765120e-03 -1 -2
-9.466347e-02 6.121935e-01 1.139172e-02 
2
2
1 13 8 6 0 -1
1 15 8 2 0 3
haar_y3
5.134017e-03 1 0
2
7 12 4 4 0 -1
8 12 2 4 0 2
haar_x4
-2.209995e-04 -1 -2
2.314842e-01 9.849540e-02 -2.576073e-01 
2
2
18 9 1 3 0 -1
18 10 1 1 0 3
haar_y3
2.573176e-04 0 1
2
17 9 3 3 0 -1
18 10 1 1 0 9
haar_point
2.065439e-02 -1 -2
9.832903e-02 -3.368669e-01 4.389750e-01 
2
3
0 5 2 10 0 -1
0 5 1 5 0 2
1 10 1 5 0 2
haar_x2_y2
3.028603e-03 1 0
2
0 2 12 4 0 -1
6 2 6 4 0 2
haar_x2
-9.007633e-02 -1 -2
2.251092e-01 4.966963e-01 -1.624138e-01 
2
2
1 5 1 2 0 -1
1 6 1 1 0 2
haar_y2
-3.645939e-04 0 1
3
0 9 14 4 0 -1
0 9 7 2 0 2
7 11 7 2 0 2
haar_x2_y2
3.164700e-02 -1 -2
-1.944985e-01 1.447966e-01 -6.526620e-01 
2
2
14 13 2 3 0 -1
13 14 2 1 0 3
tilted_haar_y3
-1.053266e-02 0 1
2
1 2 3 3 0 -1
2 3 1 1 0 9
haar_point
1.245444e-02 -1 -2
4.129954e-01 -1.031505e-01 3.760867e-01 
2
2
18 2 1 8 0 -1
18 6 1 4 0 2
haar_y2
-1.468967e-02 0 1
3
0 3 2 10 0 -1
0 3 1 5 0 2
1 8 1 5 0 2
haar_x2_y2
-6.373253e-03 -1 -2
2.434373e-01 2.605403e-01 -1.513297e-01 
2
2
3 2 2 1 0 -1
4 2 1 1 0 2
haar_x2
-3.746487e-04 0 1
3
11 1 2 6 0 -1
11 1 1 3 0 2
12 4 1 3 0 2
haar_x2_y2
1.441186e-03 -1 -2
-2.323054e-01 -5.068975e-03 3.689683e-01 
2
2
4 3 1 2 0 -1
4 4 1 1 0 2
haar_y2
-1.298346e-04 0 1
2
3 1 3 9 0 -1
3 4 3 3 0 3
haar_y3
-1.125465e-02 -1 -2
-1.930956e-01 4.377001e-01 5.621917e-03 
2
2
1 7 7 3 0 -1
1 8 7 1 0 3
haar_y3
9.749863e-03 1 0
2
0 10 15 10 0 -1
0 15 15 5 0 2
haar_y2
-3.359377e-01 -1 -2
-4.992425e-01 -8.239669e-01 6.980450e-02 
2
2
11 14 3 6 0 -1
12 16 1 2 0 9
haar_point
-3.328003e-03 1 0
2
16 7 4 8 0 -1
16 7 4 4 0 2
tilted_haar_y2
-1.234390e-03 -1 -2
-1.504503e-01 -1.422602e-01 3.108287e-01 
2
2
16 0 2 6 0 -1
16 0 1 6 0 2
tilted_haar_x2
9.363806e-03 1 0
2
2 6 6 12 0 -1
4 10 2 4 0 9
haar_point
-1.283561e-01 -1 -2
2.273065e-01 3.753311e-01 -1.628418e-01 
2
3
8 12 6 6 0 -1
8 12 3 3 0 2
11 15 3 3 0 2
haar_x2_y2
7.669337e-03 1 0
2
15 12 2 4 0 -1
15 13 2 2 0 2
haar_y4
9.776173e-03 -1 -2
2.037442e-01 -1.590992e-01 5.312161e-01 
2
2
16 1 1 2 0 -1
16 2 1 1 0 2
haar_y2
-3.863933e-04 0 1
2
8 2 9 3 0 -1
7 3 9 1 0 3
tilted_haar_y3
-4.971489e-03 -1 -2
-1.901808e-01 3.838465e-01 4.235349e-03 
2
2
13 10 2 1 0 -1
14 10 1 1 0 2
haar_x2
-5.573616e-05 1 0
2
13 6 6 6 0 -1
15 8 2 6 0 3
tilted_haar_x3
-7.956713e-02 -1 -2
-1.941010e-01 -5.941088e-01 1.559518e-01 
2
2
5 9 2 2 0 -1
6 9 1 2 0 2
haar_x2
1.971370e-05 0 1
2
9 9 6 4 0 -1
11 9 2 4 0 3
haar_x3
-3.640964e-04 -1 -2
-2.045238e-01 2.636630e-01 -9.673320e-02 
2
3
7 3 4 4 0 -1
7 3 2 2 0 2
9 5 2 2 0 2
haar_x2_y2
7.933264e-04 1 0
2
7 7 3 2 0 -1
8 7 1 2 0 3
haar_x3
2.740796e-03 -1 -2
1.918503e-01 -5.711623e-02 -7.173432e-01 
-1.488642e+00

14
-1
