10
2
2
7 8 10 3 0 -1
12 8 5 3 0 2
haar_x2
-1.581313e-03 1 0
2
8 6 5 9 0 -1
8 9 5 3 0 3
haar_y3
-2.427120e-03 -1 -2
-6.669394e-01 -4.877929e-01 5.823008e-01 
2
2
0 14 20 6 0 -1
0 17 20 3 0 2
haar_y2
6.280245e-02 1 0
3
16 8 4 8 0 -1
16 8 2 4 0 2
18 12 2 4 0 2
haar_x2_y2
6.833028e-03 -1 -2
6.068624e-01 -5.460664e-01 1.489750e-01 
2
2
0 3 2 13 0 -1
1 3 1 13 0 2
haar_x2
-8.309592e-03 0 1
2
10 8 4 1 0 -1
10 8 2 1 0 2
tilted_haar_x2
4.300173e-04 -1 -2
6.074705e-01 -7.630770e-01 5.089062e-03 
2
3
16 2 4 12 0 -1
16 2 2 6 0 2
18 8 2 6 0 2
haar_x2_y2
-1.399544e-02 0 1
3
18 5 2 10 0 -1
18 5 1 5 0 2
19 10 1 5 0 2
haar_x2_y2
8.911828e-03 -1 -2
4.666498e-01 -3.689625e-01 4.852979e-01 
2
2
8 10 4 1 0 -1
10 10 2 1 0 2
haar_x2
-1.472484e-05 1 0
2
11 6 5 4 0 -1
11 6 5 2 0 2
tilted_haar_y2
-3.950651e-02 -1 -2
-3.423706e-01 -7.887901e-01 3.610322e-01 
2
2
0 2 20 18 0 -1
0 11 20 9 0 2
haar_y2
-6.090477e-01 0 1
2
6 12 7 6 0 -1
6 15 7 3 0 2
haar_y2
-1.351866e-02 -1 -2
-8.516598e-01 4.517864e-01 -1.323075e-01 
2
2
2 1 6 2 0 -1
2 1 3 2 0 2
tilted_haar_x2
3.233474e-02 1 0
2
1 9 2 1 0 -1
2 9 1 1 0 2
haar_x2
1.661097e-05 -1 -2
5.225282e-01 -5.111417e-01 9.623895e-02 
2
2
12 11 2 1 0 -1
13 11 1 1 0 2
haar_x2
-1.399464e-05 1 0
2
10 9 3 3 0 -1
11 9 1 3 0 3
haar_x3
3.552151e-03 -1 -2
-3.207899e-01 3.242092e-01 -7.749057e-01 
2
2
12 7 1 2 0 -1
12 7 1 1 0 2
tilted_haar_y2
-3.215877e-03 0 1
2
8 7 1 8 0 -1
6 9 1 4 0 2
tilted_haar_y4
-6.860399e-03 -1 -2
-6.100561e-01 4.554716e-01 -1.149342e-01 
2
2
7 3 2 2 0 -1
7 4 2 1 0 2
haar_y2
1.015103e-04 1 0
2
8 6 8 8 0 -1
8 8 8 4 0 2
haar_y4
5.127514e-03 -1 -2
2.849999e-01 -5.760905e-01 6.656191e-02 
-1.629439e+00

-1
-1
