51
2
2
1 16 19 4 0 -1
1 18 19 2 0 2
haar_y2
2.122990e-02 0 1
2
7 9 8 1 0 -1
11 9 4 1 0 2
haar_x2
-1.719702e-03 -1 -2
-2.210619e-01 3.348747e-01 -1.507944e-01 
2
2
15 8 4 3 0 -1
15 9 4 1 0 3
haar_y3
-5.243081e-03 0 1
2
18 0 1 10 0 -1
18 5 1 5 0 2
haar_y2
-1.432588e-02 -1 -2
3.483232e-01 1.301886e-01 -2.277626e-01 
2
2
1 7 2 1 0 -1
2 7 1 1 0 2
haar_x2
1.519067e-05 0 1
2
0 3 4 16 0 -1
2 3 2 16 0 2
haar_x2
-1.669266e-02 -1 -2
-2.270475e-01 4.779872e-01 -5.414349e-02 
2
2
8 9 2 4 0 -1
8 10 2 2 0 2
haar_y4
2.193547e-04 0 1
2
15 9 3 3 0 -1
16 10 1 1 0 9
haar_point
-3.864159e-03 -1 -2
-2.265005e-01 4.074830e-01 -3.936826e-02 
2
2
13 17 1 2 0 -1
13 18 1 1 0 2
haar_y2
2.059146e-04 0 1
3
1 17 16 2 0 -1
1 17 8 1 0 2
9 18 8 1 0 2
haar_x2_y2
2.389308e-02 -1 -2
1.385262e-01 -2.907684e-01 3.619950e-01 
2
2
16 0 4 1 0 -1
17 0 2 1 0 2
haar_x4
-2.268324e-04 0 1
2
12 8 2 3 0 -1
13 8 1 3 0 2
haar_x2
-4.650002e-03 -1 -2
-2.158638e-01 -6.752614e-01 1.381715e-01 
2
2
1 6 3 1 0 -1
2 7 1 1 0 3
tilted_haar_x3
5.061036e-03 1 0
2
17 11 2 3 0 -1
16 12 2 1 0 3
tilted_haar_y3
-8.166159e-03 -1 -2
3.621787e-01 2.799538e-01 -1.291270e-01 
2
2
16 10 1 3 0 -1
16 11 1 1 0 3
haar_y3
-2.674902e-03 0 1
2
16 13 2 1 0 -1
17 13 1 1 0 2
haar_x2
8.312264e-05 -1 -2
3.568191e-01 6.364271e-02 -2.635486e-01 
2
2
13 11 6 3 0 -1
15 12 2 1 0 9
haar_point
-6.049320e-03 0 1
2
18 4 2 16 0 -1
19 4 1 16 0 2
haar_x2
5.460720e-03 -1 -2
1.697891e-01 -3.003741e-01 1.116258e-01 
2
2
18 9 2 1 0 -1
19 9 1 1 0 2
haar_x2
2.188371e-04 0 1
3
18 5 2 6 0 -1
18 5 1 3 0 2
19 8 1 3 0 2
haar_x2_y2
1.386706e-02 -1 -2
1.117289e-01 -3.228902e-01 5.724751e-01 
2
2
16 6 4 4 0 -1
16 6 2 4 0 2
tilted_haar_x2
4.574352e-02 1 0
2
3 11 1 2 0 -1
3 12 1 1 0 2
haar_y2
-1.563569e-05 -1 -2
-5.422060e-01 1.528755e-01 -1.507297e-01 
2
2
16 9 4 1 0 -1
17 9 2 1 0 2
haar_x4
-1.538873e-04 0 1
2
0 13 18 3 0 -1
6 14 6 1 0 9
haar_point
-6.426874e-02 -1 -2
1.499294e-01 2.274639e-01 -2.502341e-01 
2
2
3 10 2 3 0 -1
3 11 2 1 0 3
haar_y3
4.799019e-03 1 0
2
6 15 1 2 0 -1
6 16 1 1 0 2
haar_y2
7.400831e-05 -1 -2
-5.366747e-01 1.529833e-01 -1.652019e-01 
2
2
11 7 4 3 0 -1
12 8 2 3 0 2
tilted_haar_x4
-9.173885e-03 0 1
3
0 6 2 6 0 -1
0 6 1 3 0 2
1 9 1 3 0 2
haar_x2_y2
6.678994e-03 -1 -2
-5.851948e-01 -2.569839e-02 4.071796e-01 
2
3
8 5 12 2 0 -1
8 5 6 1 0 2
14 6 6 1 0 2
haar_x2_y2
2.968060e-03 1 0
2
16 4 3 12 0 -1
17 5 1 12 0 3
tilted_haar_x3
-4.609755e-03 -1 -2
2.307522e-01 1.137278e-01 -2.275817e-01 
2
2
10 5 1 2 0 -1
10 6 1 1 0 2
haar_y2
3.845393e-05 1 0
3
7 5 4 2 0 -1
7 5 2 1 0 2
9 6 2 1 0 2
haar_x2_y2
-7.742067e-04 -1 -2
1.342543e-01 6.116807e-02 -4.239159e-01 
2
2
8 0 1 14 0 -1
8 7 1 7 0 2
haar_y2
-1.956652e-02 0 1
2
3 11 6 2 0 -1
5 11 2 2 0 3
haar_x3
-8.925941e-03 -1 -2
3.198037e-01 3.705714e-01 -1.289930e-01 
2
2
10 7 3 5 0 -1
11 7 1 5 0 3
haar_x3
3.975403e-03 1 0
2
13 11 2 2 0 -1
13 11 1 2 0 2
tilted_haar_x2
1.262193e-04 -1 -2
-5.904326e-01 -2.134575e-01 1.315894e-01 
2
2
0 14 9 2 0 -1
3 14 3 2 0 3
haar_x3
-2.440684e-03 0 1
2
14 6 6 1 0 -1
14 6 3 1 0 2
tilted_haar_x2
1.885849e-03 -1 -2
1.441756e-01 -4.071083e-01 3.543124e-02 
2
2
2 11 2 2 0 -1
3 11 1 2 0 2
haar_x2
1.563569e-05 0 1
2
15 8 3 3 0 -1
16 9 1 1 0 9
haar_point
-2.105901e-03 -1 -2
-2.011389e-01 3.206734e-01 -3.440286e-02 
2
3
0 10 2 4 0 -1
0 10 1 2 0 2
1 12 1 2 0 2
haar_x2_y2
3.640940e-03 1 0
2
2 1 16 2 0 -1
6 5 8 2 0 2
tilted_haar_x4
-5.967635e-02 -1 -2
4.091741e-01 2.619975e-01 -1.299821e-01 
2
3
15 6 4 2 0 -1
15 6 2 1 0 2
17 7 2 1 0 2
haar_x2_y2
7.987147e-03 1 0
3
6 12 4 6 0 -1
6 12 2 3 0 2
8 15 2 3 0 2
haar_x2_y2
-5.354867e-03 -1 -2
7.818179e-01 2.170458e-01 -1.074603e-01 
2
2
2 8 2 1 0 -1
2 8 1 1 0 2
tilted_haar_x2
4.975270e-04 1 0
2
8 13 9 4 0 -1
11 13 3 4 0 3
haar_x3
-4.462341e-02 -1 -2
-2.061556e-01 -5.860910e-01 1.468304e-01 
2
2
4 14 1 2 0 -1
4 15 1 1 0 2
haar_y2
7.075600e-05 1 0
3
8 5 10 6 0 -1
8 5 5 3 0 2
13 8 5 3 0 2
haar_x2_y2
-5.129745e-02 -1 -2
-2.029740e-01 -6.339202e-01 1.358692e-01 
2
2
0 0 20 9 0 -1
10 0 10 9 0 2
haar_x2
-3.448924e-01 0 1
2
0 2 3 10 0 -1
1 2 1 10 0 3
haar_x3
1.245235e-03 -1 -2
-6.294183e-01 -6.899814e-02 2.235980e-01 
2
2
1 14 9 4 0 -1
1 15 9 2 0 2
haar_y4
4.985903e-04 1 0
2
7 16 1 3 0 -1
7 17 1 1 0 3
haar_y3
-5.177747e-03 -1 -2
1.668615e-01 6.378745e-01 -1.597792e-01 
2
2
7 14 1 2 0 -1
7 15 1 1 0 2
haar_y2
-1.465973e-05 1 0
2
4 13 6 3 0 -1
6 14 2 1 0 9
haar_point
-5.859975e-03 -1 -2
-1.713128e-01 4.292575e-01 4.377409e-03 
2
2
16 7 3 3 0 -1
17 8 1 1 0 9
haar_point
-4.264747e-03 1 0
2
14 8 4 1 0 -1
16 8 2 1 0 2
haar_x2
-1.671765e-05 -1 -2
-9.964159e-02 3.251005e-01 -2.792759e-01 
2
2
12 8 6 1 0 -1
14 8 2 1 0 3
haar_x3
-2.430379e-04 1 0
2
12 6 4 7 0 -1
13 6 2 7 0 2
haar_x4
-3.786559e-03 -1 -2
-1.527633e-01 -1.984906e-01 2.878693e-01 
2
2
14 4 3 3 0 -1
15 5 1 1 0 9
haar_point
1.453420e-02 1 0
2
17 5 1 12 0 -1
17 5 1 6 0 2
tilted_haar_y2
2.578423e-02 -1 -2
4.142084e-01 2.191558e-02 -3.666472e-01 
2
2
18 6 1 2 0 -1
18 6 1 1 0 2
tilted_haar_y2
3.880369e-04 0 1
2
4 10 1 4 0 -1
4 10 1 2 0 2
tilted_haar_y2
-8.062078e-03 -1 -2
1.106228e-01 1.892823e-01 -3.642159e-01 
2
2
17 5 1 3 0 -1
17 6 1 1 0 3
haar_y3
3.979836e-03 1 0
3
11 0 2 2 0 -1
11 0 1 1 0 2
12 1 1 1 0 2
haar_x2_y2
2.307117e-03 -1 -2
4.541348e-01 -8.317785e-02 5.502822e-01 
2
2
10 4 3 3 0 -1
9 5 3 1 0 3
tilted_haar_y3
-1.380190e-02 0 1
2
2 3 2 1 0 -1
3 3 1 1 0 2
haar_x2
-1.380983e-04 -1 -2
-6.849571e-01 -1.503866e-01 1.352663e-01 
2
2
13 7 2 4 0 -1
14 7 1 4 0 2
haar_x2
-3.937559e-03 0 1
3
13 12 4 2 0 -1
13 12 2 1 0 2
15 13 2 1 0 2
haar_x2_y2
-1.349658e-03 -1 -2
-3.759281e-01 3.077971e-01 -3.437427e-02 
2
3
14 12 2 2 0 -1
14 12 1 1 0 2
15 13 1 1 0 2
haar_x2_y2
1.756745e-03 0 1
2
16 8 3 9 0 -1
17 9 1 9 0 3
tilted_haar_x3
-2.211719e-02 -1 -2
-5.178285e-02 -5.318834e-01 5.859334e-01 
2
2
9 12 1 2 0 -1
9 13 1 1 0 2
haar_y2
-1.683563e-05 0 1
3
9 11 2 2 0 -1
9 11 1 1 0 2
10 12 1 1 0 2
haar_x2_y2
-1.791411e-05 -1 -2
8.907732e-02 1.151152e-01 -4.899275e-01 
2
2
0 5 1 6 0 -1
0 8 1 3 0 2
haar_y2
-1.723258e-02 0 1
2
8 4 12 3 0 -1
12 5 4 1 0 9
haar_point
-1.505463e-02 -1 -2
5.628134e-01 1.128782e-01 -1.664132e-01 
2
2
7 9 6 2 0 -1
10 9 3 2 0 2
haar_x2
6.441263e-03 1 0
2
11 9 2 1 0 -1
11 9 1 1 0 2
tilted_haar_x2
3.610143e-05 -1 -2
4.950063e-01 -3.770109e-01 3.377486e-02 
2
2
10 15 3 3 0 -1
11 16 1 1 0 9
haar_point
-2.201399e-03 0 1
2
13 4 2 6 0 -1
11 6 2 2 0 3
tilted_haar_y3
-1.831779e-03 -1 -2
1.940626e-01 1.166920e-01 -2.434549e-01 
2
3
12 12 8 2 0 -1
12 12 4 1 0 2
16 13 4 1 0 2
haar_x2_y2
2.103139e-03 0 1
2
18 11 1 2 0 -1
18 12 1 1 0 2
haar_y2
5.768781e-04 -1 -2
-1.072228e-01 3.335778e-01 -2.564339e-01 
2
2
16 10 1 8 0 -1
16 10 1 4 0 2
tilted_haar_y2
3.492922e-02 1 0
2
0 1 1 2 0 -1
0 2 1 1 0 2
haar_y2
-6.745023e-04 -1 -2
-7.303724e-01 -2.424919e-01 1.108021e-01 
2
3
12 0 2 2 0 -1
12 0 1 1 0 2
13 1 1 1 0 2
haar_x2_y2
-3.092593e-03 0 1
2
4 4 8 6 0 -1
6 4 4 6 0 2
haar_x4
3.349953e-02 -1 -2
5.982025e-01 2.276592e-03 -5.854709e-01 
2
2
7 15 6 1 0 -1
9 15 2 1 0 3
haar_x3
1.470840e-04 0 1
3
2 4 16 12 0 -1
2 4 8 6 0 2
10 10 8 6 0 2
haar_x2_y2
1.275763e-01 -1 -2
1.167210e-01 -2.293577e-01 5.192198e-01 
2
3
17 1 2 12 0 -1
17 1 1 6 0 2
18 7 1 6 0 2
haar_x2_y2
1.817098e-02 1 0
2
4 4 2 6 0 -1
5 4 1 6 0 2
haar_x2
1.196691e-04 -1 -2
6.009004e-01 -1.950790e-01 9.194574e-02 
2
2
17 5 3 6 0 -1
17 7 3 2 0 3
haar_y3
-4.036829e-02 0 1
2
10 7 2 1 0 -1
10 7 1 1 0 2
tilted_haar_x2
1.634550e-05 -1 -2
-6.216953e-01 -8.716702e-02 1.811197e-01 
2
3
11 5 4 2 0 -1
11 5 2 1 0 2
13 6 2 1 0 2
haar_x2_y2
-3.907300e-03 0 1
2
9 8 9 3 0 -1
8 9 9 1 0 3
tilted_haar_y3
-7.955880e-03 -1 -2
3.544230e-01 1.841112e-01 -1.598034e-01 
2
2
10 7 1 2 0 -1
10 8 1 1 0 2
haar_y2
1.519067e-05 0 1
2
0 0 1 4 0 -1
0 2 1 2 0 2
haar_y2
1.638235e-03 -1 -2
-1.859803e-01 2.245554e-01 -2.473790e-01 
2
2
2 1 12 3 0 -1
6 2 4 1 0 9
haar_point
-1.011753e-02 0 1
3
1 15 16 2 0 -1
1 15 8 1 0 2
9 16 8 1 0 2
haar_x2_y2
1.762748e-02 -1 -2
1.700578e-01 -1.750321e-01 4.805915e-01 
2
2
7 0 1 2 0 -1
7 1 1 1 0 2
haar_y2
-1.346610e-04 0 1
2
7 5 3 8 0 -1
8 5 1 8 0 3
haar_x3
4.440402e-03 -1 -2
-1.804593e-01 1.993511e-01 -3.087960e-01 
2
2
7 0 1 3 0 -1
7 1 1 1 0 3
haar_y3
-3.782439e-03 1 0
2
0 11 16 4 0 -1
0 12 16 2 0 2
haar_y4
-2.849374e-02 -1 -2
-5.641960e-02 -6.935524e-01 5.559434e-01 
2
2
7 3 10 3 0 -1
6 4 10 1 0 3
tilted_haar_y3
-2.059203e-03 0 1
2
17 11 3 3 0 -1
18 12 1 3 0 3
tilted_haar_x3
5.884936e-03 -1 -2
1.947536e-01 -1.973815e-01 2.707851e-01 
-1.493740e+00

18
-1
