46
2
2
5 7 8 3 0 -1
9 7 4 3 0 2
haar_x2
-2.312272e-03 1 0
3
16 3 4 6 0 -1
16 3 2 3 0 2
18 6 2 3 0 2
haar_x2_y2
-8.697633e-03 -1 -2
-2.047953e-01 5.121805e-01 5.046188e-03 
2
2
0 2 2 15 0 -1
1 2 1 15 0 2
haar_x2
-7.903363e-03 1 0
2
10 8 3 7 0 -1
11 8 1 7 0 3
haar_x3
-4.025160e-03 -1 -2
-1.445425e-01 -4.531193e-01 3.016372e-01 
2
2
9 8 3 1 0 -1
10 9 1 1 0 3
tilted_haar_x3
2.712457e-04 0 1
2
7 8 3 3 0 -1
8 8 1 3 0 3
haar_x3
1.512368e-05 -1 -2
-2.830172e-01 -1.935044e-01 1.995368e-01 
2
2
18 10 2 10 0 -1
18 15 2 5 0 2
haar_y2
1.578097e-02 0 1
2
17 14 1 2 0 -1
17 15 1 1 0 2
haar_y2
1.257106e-04 -1 -2
-1.461934e-01 4.002524e-01 -5.284846e-02 
2
2
13 5 4 2 0 -1
13 5 2 2 0 2
tilted_haar_x2
1.224846e-02 1 0
2
8 7 4 8 0 -1
9 7 2 8 0 2
haar_x4
-3.747418e-03 -1 -2
-3.121219e-01 -4.193999e-01 1.195761e-01 
2
2
1 9 2 1 0 -1
2 9 1 1 0 2
haar_x2
1.618525e-05 0 1
2
14 4 6 5 0 -1
14 4 3 5 0 2
tilted_haar_x2
2.518746e-03 -1 -2
-2.061738e-01 -3.088683e-01 2.024789e-01 
2
2
13 11 6 3 0 -1
15 12 2 1 0 9
haar_point
-7.477519e-03 0 1
2
17 12 1 3 0 -1
16 13 1 1 0 3
tilted_haar_y3
-2.387351e-03 -1 -2
1.773682e-01 1.724357e-01 -2.603809e-01 
2
2
15 13 2 1 0 -1
16 13 1 1 0 2
haar_x2
1.202257e-04 1 0
2
10 10 8 6 0 -1
14 10 4 6 0 2
haar_x2
-4.735152e-02 -1 -2
-2.035730e-01 -2.951882e-01 1.843820e-01 
2
2
1 5 3 1 0 -1
2 6 1 1 0 3
tilted_haar_x3
5.594658e-03 1 0
2
7 13 4 1 0 -1
8 13 2 1 0 2
haar_x4
-1.643617e-05 -1 -2
3.715695e-01 1.070833e-01 -2.023083e-01 
2
2
4 12 2 1 0 -1
5 12 1 1 0 2
haar_x2
1.587598e-05 1 0
2
5 12 4 1 0 -1
6 12 2 1 0 2
haar_x4
-3.392950e-05 -1 -2
1.343576e-01 4.604057e-02 -4.501997e-01 
2
2
9 11 1 3 0 -1
9 12 1 1 0 3
haar_y3
1.719476e-03 1 0
2
13 7 3 3 0 -1
14 8 1 1 0 9
haar_point
-2.343525e-03 -1 -2
-4.249476e-01 2.655287e-01 -5.682661e-02 
2
2
16 6 1 2 0 -1
16 6 1 1 0 2
tilted_haar_y2
-6.599666e-04 1 0
2
13 3 3 12 0 -1
14 7 1 4 0 9
haar_point
5.727336e-02 -1 -2
-1.387493e-01 2.466175e-01 -3.491175e-01 
2
2
17 3 1 2 0 -1
17 4 1 1 0 2
haar_y2
-2.777880e-04 1 0
2
17 2 1 3 0 -1
17 3 1 1 0 3
haar_y3
5.169253e-03 -1 -2
1.191299e-01 -2.727845e-01 4.561060e-01 
2
2
13 12 3 3 0 -1
12 13 3 1 0 3
tilted_haar_y3
1.247183e-02 1 0
2
1 0 10 1 0 -1
1 0 5 1 0 2
tilted_haar_x2
1.149452e-02 -1 -2
4.100328e-01 -2.016694e-01 1.310083e-01 
2
2
0 9 2 1 0 -1
1 9 1 1 0 2
haar_x2
-1.621965e-04 0 1
2
0 6 3 1 0 -1
1 6 1 1 0 3
haar_x3
-1.296957e-03 -1 -2
-2.153571e-01 4.653044e-01 4.714195e-04 
2
2
10 3 9 3 0 -1
13 4 3 1 0 9
haar_point
-1.145141e-02 0 1
2
3 0 8 5 0 -1
7 0 4 5 0 2
haar_x2
1.377377e-02 -1 -2
1.821112e-01 -2.420963e-01 1.690713e-01 
2
2
12 12 2 3 0 -1
11 13 2 1 0 3
tilted_haar_y3
-1.780553e-03 1 0
2
12 14 2 1 0 -1
12 14 1 1 0 2
tilted_haar_x2
-1.917975e-04 -1 -2
-1.199608e-01 -7.210235e-02 3.939212e-01 
2
2
15 12 2 3 0 -1
14 13 2 1 0 3
tilted_haar_y3
-1.346783e-03 0 1
2
12 16 4 1 0 -1
13 16 2 1 0 2
haar_x4
1.708833e-04 -1 -2
1.703263e-01 1.642439e-02 -3.981830e-01 
2
2
9 14 1 2 0 -1
9 15 1 1 0 2
haar_y2
-3.391164e-05 1 0
2
4 7 4 4 0 -1
4 7 4 2 0 2
tilted_haar_y2
2.435587e-02 -1 -2
-1.615894e-01 2.558169e-01 -1.697127e-01 
2
2
2 12 2 1 0 -1
3 12 1 1 0 2
haar_x2
1.465708e-05 0 1
3
6 12 6 4 0 -1
6 12 3 2 0 2
9 14 3 2 0 2
haar_x2_y2
1.145188e-02 -1 -2
-1.764596e-01 4.783355e-02 5.688756e-01 
2
2
5 16 2 1 0 -1
6 16 1 1 0 2
haar_x2
-1.758400e-04 0 1
2
18 13 2 4 0 -1
18 13 1 4 0 2
tilted_haar_x2
1.217447e-02 -1 -2
-2.129368e-01 4.489189e-02 6.968498e-01 
2
2
14 5 1 14 0 -1
14 5 1 7 0 2
tilted_haar_y2
2.201340e-02 0 1
2
8 5 6 12 0 -1
11 5 3 12 0 2
haar_x2
-1.382996e-03 -1 -2
1.188690e-01 -2.532407e-02 -5.629269e-01 
2
2
7 5 4 6 0 -1
7 7 4 2 0 3
haar_y3
3.018349e-03 0 1
2
2 11 6 2 0 -1
2 12 6 1 0 2
haar_y2
1.401982e-03 -1 -2
-1.504613e-01 2.452608e-01 -3.339975e-01 
2
2
0 1 20 18 0 -1
0 7 20 6 0 3
haar_y3
-5.565341e-01 0 1
3
6 10 14 2 0 -1
6 10 7 1 0 2
13 11 7 1 0 2
haar_x2_y2
-3.415702e-03 -1 -2
4.107679e-01 2.308997e-01 -1.315304e-01 
2
2
15 7 4 5 0 -1
17 7 2 5 0 2
haar_x2
-5.979820e-03 0 1
2
6 10 4 3 0 -1
6 11 4 1 0 3
haar_y3
6.013818e-03 -1 -2
1.789172e-01 -3.597201e-02 -7.225592e-01 
2
2
15 9 5 3 0 -1
15 10 5 1 0 3
haar_y3
-5.308925e-03 0 1
2
16 8 2 3 0 -1
16 9 2 1 0 3
haar_y3
-4.657209e-03 -1 -2
2.522523e-01 3.670292e-01 -1.619987e-01 
2
2
10 8 1 3 0 -1
10 9 1 1 0 3
haar_y3
-5.206956e-04 0 1
3
9 16 4 4 0 -1
9 16 2 2 0 2
11 18 2 2 0 2
haar_x2_y2
-1.732271e-03 -1 -2
-3.116990e-01 2.977962e-01 -4.411319e-02 
2
2
16 15 2 1 0 -1
17 15 1 1 0 2
haar_x2
-2.452250e-04 0 1
2
16 15 2 1 0 -1
17 15 1 1 0 2
haar_x2
1.382488e-04 -1 -2
-2.481553e-01 2.837408e-01 -7.526390e-02 
2
3
17 14 2 4 0 -1
17 14 1 2 0 2
18 16 1 2 0 2
haar_x2_y2
-5.236242e-03 0 1
2
11 8 3 6 0 -1
12 10 1 2 0 9
haar_point
4.927710e-04 -1 -2
4.676268e-01 -2.076007e-01 8.339482e-02 
2
2
18 5 1 2 0 -1
18 6 1 1 0 2
haar_y2
-2.228545e-04 1 0
3
18 3 2 6 0 -1
18 3 1 3 0 2
19 6 1 3 0 2
haar_x2_y2
6.638095e-03 -1 -2
1.147803e-01 -2.819513e-01 3.005041e-01 
2
2
0 11 8 4 0 -1
0 12 8 2 0 2
haar_y4
1.145886e-02 1 0
2
5 10 3 7 0 -1
6 10 1 7 0 3
haar_x3
-1.806472e-04 -1 -2
-4.177635e-01 2.181745e-01 -8.579308e-02 
2
3
11 4 4 2 0 -1
11 4 2 1 0 2
13 5 2 1 0 2
haar_x2_y2
-4.275152e-03 0 1
2
16 3 3 3 0 -1
17 4 1 3 0 3
tilted_haar_x3
4.941060e-03 -1 -2
3.427018e-01 -1.267645e-01 2.161109e-01 
2
2
12 7 3 3 0 -1
13 7 1 3 0 3
haar_x3
9.400204e-04 1 0
2
14 6 1 3 0 -1
14 7 1 1 0 3
haar_y3
-1.656417e-03 -1 -2
-2.636869e-01 4.126518e-01 -9.598188e-03 
2
2
12 5 3 8 0 -1
13 5 1 8 0 3
haar_x3
-9.844600e-03 0 1
2
12 8 2 1 0 -1
13 8 1 1 0 2
haar_x2
-1.683563e-05 -1 -2
-5.810008e-01 1.417466e-01 -1.759457e-01 
2
2
0 2 20 17 0 -1
5 2 10 17 0 2
haar_x4
-5.003914e-01 0 1
2
13 5 7 3 0 -1
13 6 7 1 0 3
haar_y3
-6.006829e-03 -1 -2
6.571854e-01 2.036087e-01 -1.188090e-01 
2
2
17 6 2 1 0 -1
17 6 1 1 0 2
tilted_haar_x2
-2.761741e-04 0 1
3
14 1 6 6 0 -1
14 1 3 3 0 2
17 4 3 3 0 2
haar_x2_y2
8.045370e-03 -1 -2
-1.835258e-01 7.295712e-03 4.579384e-01 
2
2
13 7 3 5 0 -1
14 8 1 5 0 3
tilted_haar_x3
-1.501409e-02 0 1
2
13 11 4 3 0 -1
12 12 4 1 0 3
tilted_haar_y3
1.256555e-02 -1 -2
-6.524581e-01 -1.793185e-02 4.339585e-01 
2
2
3 15 2 1 0 -1
4 15 1 1 0 2
haar_x2
-1.221956e-04 1 0
2
5 14 1 3 0 -1
4 15 1 1 0 3
tilted_haar_y3
1.005205e-03 -1 -2
9.777805e-02 -5.092605e-01 1.455690e-02 
2
2
16 8 4 5 0 -1
17 8 2 5 0 2
haar_x4
4.874107e-03 1 0
3
0 9 2 8 0 -1
0 9 1 4 0 2
1 13 1 4 0 2
haar_x2_y2
2.743340e-03 -1 -2
2.547406e-01 -1.694150e-01 1.980987e-01 
2
3
12 3 4 16 0 -1
12 3 2 8 0 2
14 11 2 8 0 2
haar_x2_y2
-2.507851e-02 0 1
2
1 0 4 1 0 -1
3 0 2 1 0 2
haar_x2
-8.785600e-04 -1 -2
-5.283144e-01 -1.889513e-01 1.285245e-01 
2
2
9 7 2 2 0 -1
9 8 2 1 0 2
haar_y2
-5.259498e-03 0 1
2
14 13 4 3 0 -1
13 14 4 1 0 3
tilted_haar_y3
-4.845920e-03 -1 -2
-8.849275e-01 2.092312e-01 -8.684435e-02 
2
3
2 0 2 4 0 -1
2 0 1 2 0 2
3 2 1 2 0 2
haar_x2_y2
-2.605972e-04 0 1
2
14 1 4 8 0 -1
12 3 4 4 0 2
tilted_haar_y4
-4.298839e-02 -1 -2
-1.853494e-01 -2.868512e-01 1.923906e-01 
2
2
18 0 2 10 0 -1
18 0 2 5 0 2
tilted_haar_y2
-1.351058e-01 0 1
2
6 10 3 1 0 -1
7 10 1 1 0 3
haar_x3
-1.589769e-03 -1 -2
-9.496459e-01 -5.919397e-01 5.503540e-02 
2
2
10 10 1 8 0 -1
10 14 1 4 0 2
haar_y2
-2.380281e-02 0 1
2
6 7 1 2 0 -1
6 8 1 1 0 2
haar_y2
6.647827e-05 -1 -2
-7.573397e-01 -1.290663e-01 1.431696e-01 
2
2
1 12 3 2 0 -1
2 12 1 2 0 3
haar_x3
-2.566269e-04 0 1
3
3 11 6 8 0 -1
3 11 3 4 0 2
6 15 3 4 0 2
haar_x2_y2
-2.168828e-02 -1 -2
-1.624945e-01 4.613928e-01 1.771925e-02 
2
2
0 1 8 19 0 -1
2 1 4 19 0 2
haar_x4
-1.662461e-02 0 1
2
6 11 2 4 0 -1
5 12 2 2 0 2
tilted_haar_y4
4.690208e-03 -1 -2
1.540971e-01 -2.535263e-01 2.103487e-01 
-1.319792e+00

17
-1
