45
2
2
0 4 2 14 0 -1
1 4 1 14 0 2
haar_x2
-1.486094e-02 0 1
2
15 8 4 3 0 -1
15 9 4 1 0 3
haar_y3
-1.137654e-02 -1 -2
3.753780e-01 4.468971e-01 -1.977917e-01 
2
2
19 0 1 18 0 -1
19 6 1 6 0 3
haar_y3
-4.679840e-02 0 1
2
14 6 6 3 0 -1
16 7 2 1 0 9
haar_point
-1.114996e-02 -1 -2
3.400129e-01 1.359646e-01 -2.834965e-01 
2
2
7 6 9 9 0 -1
7 9 9 3 0 3
haar_y3
8.386368e-03 0 1
2
6 4 2 6 0 -1
7 4 1 6 0 2
haar_x2
4.499401e-03 -1 -2
-3.090291e-01 1.978162e-01 -4.724255e-01 
2
2
13 5 2 8 0 -1
13 9 2 4 0 2
haar_y2
1.740902e-02 1 0
2
17 14 1 2 0 -1
17 15 1 1 0 2
haar_y2
1.192577e-04 -1 -2
-5.636147e-01 2.131125e-01 -1.565715e-01 
2
2
16 12 4 8 0 -1
16 16 4 4 0 2
haar_y2
2.200835e-02 0 1
2
7 6 3 7 0 -1
8 6 1 7 0 3
haar_x3
-3.331371e-03 -1 -2
-1.831134e-01 -5.406666e-01 2.591671e-01 
2
2
16 16 1 2 0 -1
16 17 1 1 0 2
haar_y2
1.157344e-04 1 0
3
18 11 2 6 0 -1
18 11 1 3 0 2
19 14 1 3 0 2
haar_x2_y2
6.005212e-03 -1 -2
-2.145335e-01 4.744067e-02 5.776896e-01 
2
2
15 3 2 1 0 -1
16 3 1 1 0 2
haar_x2
1.456692e-04 1 0
2
8 1 12 3 0 -1
12 2 4 1 0 9
haar_point
-3.521918e-02 -1 -2
-2.286919e-01 5.044708e-01 2.402979e-03 
2
2
13 1 1 3 0 -1
13 2 1 1 0 3
haar_y3
5.366566e-03 1 0
2
11 7 3 7 0 -1
12 7 1 7 0 3
haar_x3
8.270447e-04 -1 -2
6.016893e-01 7.753838e-02 -2.673034e-01 
2
2
14 10 6 3 0 -1
14 11 6 1 0 3
haar_y3
-6.339084e-03 0 1
3
13 9 6 2 0 -1
13 9 3 1 0 2
16 10 3 1 0 2
haar_x2_y2
-3.124760e-03 -1 -2
3.170235e-01 3.164781e-01 -1.592355e-01 
2
2
19 9 1 2 0 -1
19 10 1 1 0 2
haar_y2
-2.743260e-04 0 1
2
19 9 1 2 0 -1
19 10 1 1 0 2
haar_y2
2.065529e-04 -1 -2
-2.295015e-01 2.754170e-01 -8.324003e-02 
2
2
0 11 10 4 0 -1
0 12 10 2 0 2
haar_y4
1.759831e-02 1 0
3
18 7 2 2 0 -1
18 7 1 1 0 2
19 8 1 1 0 2
haar_x2_y2
2.456907e-03 -1 -2
-5.807681e-01 -5.620344e-03 5.692828e-01 
2
2
14 11 3 3 0 -1
13 12 3 1 0 3
tilted_haar_y3
1.497009e-02 1 0
2
18 0 2 1 0 -1
19 0 1 1 0 2
haar_x2
5.951247e-04 -1 -2
4.830630e-01 3.298593e-02 -3.788034e-01 
2
2
3 12 2 2 0 -1
4 12 1 2 0 2
haar_x2
1.465708e-05 1 0
2
4 10 2 4 0 -1
3 11 2 2 0 2
tilted_haar_y4
9.830343e-03 -1 -2
1.395302e-01 -2.916873e-01 2.638184e-01 
2
2
17 8 3 3 0 -1
18 9 1 1 0 9
haar_point
1.936652e-02 1 0
2
1 0 8 1 0 -1
1 0 4 1 0 2
tilted_haar_x2
2.037670e-03 -1 -2
5.749460e-01 -2.163690e-01 1.080092e-01 
2
2
1 9 2 1 0 -1
1 9 1 1 0 2
tilted_haar_x2
5.161842e-04 0 1
2
17 11 3 5 0 -1
18 12 1 5 0 3
tilted_haar_x3
-1.321211e-02 -1 -2
1.363189e-01 2.413974e-01 -3.311280e-01 
2
2
9 8 3 3 0 -1
10 9 1 1 0 9
haar_point
6.927461e-03 1 0
3
14 11 4 2 0 -1
14 11 2 1 0 2
16 12 2 1 0 2
haar_x2_y2
-1.365822e-03 -1 -2
-4.368200e-01 3.078701e-01 -3.823388e-02 
2
2
8 6 6 5 0 -1
10 6 2 5 0 3
haar_x3
-1.895292e-02 0 1
2
16 13 1 2 0 -1
16 14 1 1 0 2
haar_y2
7.479820e-05 -1 -2
-7.999412e-01 1.444206e-01 -1.628644e-01 
2
2
13 11 3 3 0 -1
14 12 1 1 0 9
haar_point
-1.455350e-03 0 1
2
12 14 4 1 0 -1
13 14 2 1 0 2
haar_x4
7.959753e-05 -1 -2
1.723036e-01 2.933321e-02 -3.943198e-01 
2
2
14 9 2 1 0 -1
15 9 1 1 0 2
haar_x2
-1.519067e-05 1 0
2
1 12 3 8 0 -1
1 16 3 4 0 2
haar_y2
5.371055e-05 -1 -2
-1.916075e-01 -1.023714e-01 2.800575e-01 
2
2
15 2 3 3 0 -1
16 3 1 3 0 3
tilted_haar_x3
-3.053525e-03 0 1
3
18 13 2 2 0 -1
18 13 1 1 0 2
19 14 1 1 0 2
haar_x2_y2
-2.721036e-03 -1 -2
2.038879e-01 5.675974e-01 -1.557190e-01 
2
2
6 15 1 2 0 -1
6 16 1 1 0 2
haar_y2
6.812255e-05 1 0
2
11 13 2 3 0 -1
10 14 2 1 0 3
tilted_haar_y3
-1.279695e-03 -1 -2
-1.917638e-01 3.669183e-01 -4.085592e-02 
2
2
12 7 4 8 0 -1
14 7 2 8 0 2
haar_x2
-1.989783e-02 0 1
2
7 7 3 3 0 -1
8 7 1 3 0 3
haar_x3
-3.940455e-03 -1 -2
-3.630011e-01 -8.195513e-01 1.046247e-01 
2
2
10 12 3 3 0 -1
9 13 3 1 0 3
tilted_haar_y3
1.330533e-02 1 0
2
2 4 2 1 0 -1
3 4 1 1 0 2
haar_x2
-8.122661e-05 -1 -2
5.016165e-01 -2.566514e-01 6.853854e-02 
2
2
6 7 7 6 0 -1
4 9 7 2 0 3
tilted_haar_y3
-4.696628e-02 0 1
2
2 13 2 1 0 -1
3 13 1 1 0 2
haar_x2
1.587598e-05 -1 -2
2.486995e-01 -2.964934e-01 4.108758e-02 
2
2
2 12 1 2 0 -1
2 13 1 1 0 2
haar_y2
7.703940e-05 1 0
3
11 5 6 8 0 -1
11 5 3 4 0 2
14 9 3 4 0 2
haar_x2_y2
-3.485199e-02 -1 -2
-2.285330e-01 -6.968293e-01 1.479816e-01 
2
2
4 1 3 18 0 -1
5 7 1 6 0 9
haar_point
-7.791867e-02 0 1
2
14 9 3 3 0 -1
15 10 1 1 0 9
haar_point
-4.676786e-03 -1 -2
3.748742e-01 1.948439e-01 -1.943944e-01 
2
2
7 6 2 1 0 -1
7 6 1 1 0 2
tilted_haar_x2
-1.634550e-05 0 1
2
6 4 3 2 0 -1
7 5 1 2 0 3
tilted_haar_x3
7.069716e-05 -1 -2
1.323320e-01 -5.405663e-01 -3.129239e-02 
2
3
18 10 2 4 0 -1
18 10 1 2 0 2
19 12 1 2 0 2
haar_x2_y2
-9.054706e-03 0 1
2
12 7 3 8 0 -1
12 11 3 4 0 2
haar_y2
-2.067644e-02 -1 -2
7.864501e-01 -2.733063e-01 5.379397e-02 
2
2
0 15 1 2 0 -1
0 16 1 1 0 2
haar_y2
3.379543e-04 1 0
2
4 15 2 3 0 -1
3 16 2 1 0 3
tilted_haar_y3
-1.014816e-02 -1 -2
-2.079377e-01 4.814407e-01 2.503307e-02 
2
3
10 2 8 10 0 -1
10 2 4 5 0 2
14 7 4 5 0 2
haar_x2_y2
5.779353e-02 1 0
3
10 5 6 2 0 -1
10 5 3 1 0 2
13 6 3 1 0 2
haar_x2_y2
4.717536e-03 -1 -2
-6.203532e-01 -2.486211e-02 4.236351e-01 
2
2
9 8 9 8 0 -1
9 10 9 4 0 2
haar_y4
3.710118e-02 1 0
2
16 1 3 4 0 -1
17 2 1 4 0 3
tilted_haar_x3
3.873346e-03 -1 -2
-3.601786e-01 -4.718108e-02 3.035052e-01 
2
2
15 13 3 3 0 -1
16 14 1 1 0 9
haar_point
-2.075216e-03 0 1
2
15 12 3 1 0 -1
16 12 1 1 0 3
haar_x3
1.272948e-04 -1 -2
1.690999e-01 2.002415e-02 -3.588459e-01 
2
2
1 9 5 3 0 -1
1 10 5 1 0 3
haar_y3
-5.872015e-03 0 1
2
3 0 8 4 0 -1
3 1 8 2 0 2
haar_y4
-8.146099e-03 -1 -2
-4.571583e-01 3.039764e-01 -4.816086e-02 
2
2
5 3 3 3 0 -1
6 4 1 1 0 9
haar_point
-1.693037e-02 0 1
2
7 2 1 3 0 -1
7 3 1 1 0 3
haar_y3
-5.989696e-03 -1 -2
5.242168e-01 7.072158e-01 -7.334468e-02 
2
2
0 1 2 2 0 -1
0 2 2 1 0 2
haar_y2
-5.277247e-04 0 1
2
15 4 3 5 0 -1
16 4 1 5 0 3
haar_x3
-6.778395e-04 -1 -2
-1.932959e-01 3.241417e-01 -3.045810e-02 
2
2
14 9 5 3 0 -1
14 10 5 1 0 3
haar_y3
6.959560e-03 1 0
2
15 10 2 1 0 -1
16 10 1 1 0 2
haar_x2
9.409408e-05 -1 -2
3.550344e-01 4.066116e-02 -3.043255e-01 
2
2
0 1 3 9 0 -1
1 1 1 9 0 3
haar_x3
1.111742e-02 1 0
2
7 7 4 3 0 -1
7 8 4 1 0 3
haar_y3
4.074961e-03 -1 -2
4.092100e-01 1.358710e-02 -3.921053e-01 
2
2
13 9 3 3 0 -1
14 10 1 1 0 9
haar_point
-1.650264e-03 0 1
2
8 7 2 4 0 -1
8 8 2 2 0 2
haar_y4
4.252283e-04 -1 -2
1.866543e-01 -3.510348e-01 5.145772e-02 
2
2
19 6 1 2 0 -1
19 6 1 1 0 2
tilted_haar_y2
6.323532e-04 0 1
3
4 8 16 10 0 -1
4 8 8 5 0 2
12 13 8 5 0 2
haar_x2_y2
-2.267645e-02 -1 -2
1.084936e-01 3.250964e-01 -3.051731e-01 
2
2
9 9 1 9 0 -1
6 12 1 3 0 3
tilted_haar_y3
-7.605174e-03 1 0
2
3 14 1 2 0 -1
3 15 1 1 0 2
haar_y2
7.322501e-05 -1 -2
-1.915586e-01 2.856941e-01 -1.058018e-01 
2
2
1 15 2 1 0 -1
2 15 1 1 0 2
haar_x2
-1.118583e-04 1 0
2
14 4 3 1 0 -1
15 4 1 1 0 3
haar_x3
-2.630883e-03 -1 -2
1.333853e-01 4.534483e-01 -2.817859e-01 
2
2
10 9 3 3 0 -1
11 10 1 3 0 3
tilted_haar_x3
-1.400551e-02 0 1
2
2 10 5 2 0 -1
2 10 5 1 0 2
tilted_haar_y2
-6.612130e-03 -1 -2
-8.394295e-01 2.581921e-01 -7.321849e-02 
2
2
2 6 2 3 0 -1
3 6 1 3 0 2
haar_x2
1.762071e-04 0 1
2
1 7 3 2 0 -1
2 7 1 2 0 3
haar_x3
3.987557e-05 -1 -2
-1.902083e-01 -6.121225e-02 3.416505e-01 
2
2
8 8 2 4 0 -1
8 10 2 2 0 2
haar_y2
2.770265e-04 0 1
2
10 8 1 3 0 -1
9 9 1 1 0 3
tilted_haar_y3
4.091460e-03 -1 -2
-1.146708e-01 3.306208e-01 -5.153029e-01 
2
3
15 13 2 2 0 -1
15 13 1 1 0 2
16 14 1 1 0 2
haar_x2_y2
2.847852e-03 1 0
2
6 1 4 6 0 -1
6 1 2 6 0 2
tilted_haar_x2
3.151317e-02 -1 -2
5.681590e-01 -1.318791e-01 2.343354e-01 
-1.529136e+00

11
-1
