25
2
2
0 3 2 15 0 -1
1 3 1 15 0 2
haar_x2
-9.993384e-03 0 1
2
17 5 3 11 0 -1
18 5 1 11 0 3
haar_x3
-8.752992e-03 -1 -2
4.628955e-01 2.862327e-01 -3.468430e-01 
2
2
12 9 2 3 0 -1
12 9 1 3 0 2
tilted_haar_x2
1.022006e-03 0 1
3
18 8 2 10 0 -1
18 8 1 5 0 2
19 13 1 5 0 2
haar_x2_y2
6.617857e-03 -1 -2
-4.572307e-01 -3.096386e-03 5.506657e-01 
2
2
12 6 6 3 0 -1
14 8 2 3 0 3
tilted_haar_x3
-1.799176e-02 0 1
2
17 10 3 10 0 -1
17 15 3 5 0 2
haar_y2
8.754496e-03 -1 -2
-5.023103e-01 -2.080618e-01 2.555330e-01 
2
2
8 6 1 2 0 -1
8 7 1 1 0 2
haar_y2
1.472484e-05 0 1
2
4 5 15 9 0 -1
9 8 5 3 0 9
haar_point
1.569852e-01 -1 -2
-2.527475e-01 3.774555e-01 -1.849749e-01 
2
2
1 12 2 1 0 -1
2 12 1 1 0 2
haar_x2
1.563569e-05 1 0
2
0 13 3 1 0 -1
1 13 1 1 0 3
haar_x3
3.733506e-03 -1 -2
1.901037e-01 -3.367176e-01 6.416842e-01 
2
2
13 5 6 3 0 -1
15 6 2 1 0 9
haar_point
-1.193294e-02 0 1
2
18 6 1 2 0 -1
18 7 1 1 0 2
haar_y2
-2.075332e-04 -1 -2
2.960015e-01 -4.177279e-01 4.573229e-02 
2
2
16 5 1 3 0 -1
16 6 1 1 0 3
haar_y3
3.865005e-03 1 0
3
14 13 4 2 0 -1
14 13 2 1 0 2
16 14 2 1 0 2
haar_x2_y2
5.123045e-03 -1 -2
5.816552e-01 -1.419005e-01 5.759957e-01 
2
2
7 9 6 3 0 -1
9 10 2 1 0 9
haar_point
-4.796920e-03 0 1
2
8 9 3 2 0 -1
8 10 3 1 0 2
haar_y2
2.361544e-03 -1 -2
-4.806314e-01 1.765486e-01 -5.225927e-01 
2
2
19 4 1 2 0 -1
19 4 1 1 0 2
tilted_haar_y2
8.859770e-03 1 0
2
17 5 2 1 0 -1
18 5 1 1 0 2
haar_x2
1.429077e-04 -1 -2
6.327809e-01 7.876825e-02 -3.537730e-01 
2
2
0 0 1 2 0 -1
0 1 1 1 0 2
haar_y2
-2.685423e-04 0 1
2
0 0 1 2 0 -1
0 1 1 1 0 2
haar_y2
3.325355e-04 -1 -2
-2.868718e-01 3.462682e-01 -1.727019e-01 
2
2
0 0 11 20 0 -1
0 10 11 10 0 2
haar_y2
-4.488508e-01 0 1
2
9 10 1 9 0 -1
6 13 1 3 0 3
tilted_haar_y3
-1.204774e-02 -1 -2
-6.556737e-01 2.576413e-01 -1.466565e-01 
2
2
12 8 8 3 0 -1
16 8 4 3 0 2
haar_x2
-8.303583e-03 0 1
2
0 2 8 13 0 -1
4 2 4 13 0 2
haar_x2
-4.921236e-02 -1 -2
1.715306e-01 2.970103e-01 -4.144003e-01 
2
2
1 8 2 1 0 -1
2 8 1 1 0 2
haar_x2
1.495371e-05 1 0
2
12 16 1 2 0 -1
12 17 1 1 0 2
haar_y2
8.502697e-05 -1 -2
1.769612e-01 -7.404231e-03 -5.713824e-01 
2
2
11 5 6 1 0 -1
13 7 2 1 0 3
tilted_haar_x3
1.681356e-02 1 0
2
15 10 3 3 0 -1
15 11 3 1 0 3
haar_y3
-3.613635e-03 -1 -2
-6.873030e-01 4.428850e-01 -6.171259e-02 
2
2
10 7 3 6 0 -1
11 9 1 2 0 9
haar_point
2.713338e-02 1 0
2
17 6 3 3 0 -1
18 7 1 1 0 9
haar_point
-1.524471e-02 -1 -2
-6.668467e-01 6.241816e-01 -1.348936e-02 
2
2
13 8 2 3 0 -1
14 8 1 3 0 2
haar_x2
-1.495371e-05 1 0
2
12 11 5 3 0 -1
11 12 5 1 0 3
tilted_haar_y3
-1.166577e-02 -1 -2
-2.837802e-01 5.862722e-01 1.976203e-02 
2
2
13 12 3 3 0 -1
12 13 3 1 0 3
tilted_haar_y3
1.162545e-02 1 0
2
0 3 4 16 0 -1
2 3 2 16 0 2
haar_x2
-1.796090e-02 -1 -2
5.360034e-01 2.255449e-01 -2.141455e-01 
2
2
18 11 1 2 0 -1
18 12 1 1 0 2
haar_y2
1.752527e-04 1 0
2
19 11 1 2 0 -1
19 12 1 1 0 2
haar_y2
-3.279249e-04 -1 -2
-2.670295e-01 -1.314317e-01 3.654634e-01 
2
3
15 11 4 2 0 -1
15 11 2 1 0 2
17 12 2 1 0 2
haar_x2_y2
4.562716e-03 1 0
2
17 11 1 3 0 -1
17 12 1 1 0 3
haar_y3
-3.715749e-03 -1 -2
5.147861e-01 6.082128e-01 -1.516150e-01 
2
2
2 11 1 2 0 -1
2 12 1 1 0 2
haar_y2
1.275593e-04 1 0
2
9 0 1 3 0 -1
9 1 1 1 0 3
haar_y3
-5.715353e-03 -1 -2
-2.645872e-01 8.666875e-01 7.675934e-02 
2
2
15 2 5 2 0 -1
15 2 5 1 0 2
tilted_haar_y2
1.525469e-02 1 0
2
17 0 3 4 0 -1
16 1 3 2 0 2
tilted_haar_y4
-1.782114e-02 -1 -2
4.239314e-01 3.798046e-01 -1.735138e-01 
2
2
14 0 2 1 0 -1
15 0 1 1 0 2
haar_x2
3.199779e-04 1 0
2
3 4 7 2 0 -1
3 5 7 1 0 2
haar_y2
-2.831577e-04 -1 -2
-3.158361e-01 -1.242940e-01 3.136044e-01 
2
2
15 6 3 3 0 -1
16 7 1 1 0 9
haar_point
1.730210e-02 1 0
2
8 0 3 6 0 -1
8 2 3 2 0 3
haar_y3
9.172594e-03 -1 -2
6.366920e-01 -1.628408e-01 2.618510e-01 
2
2
7 7 4 2 0 -1
8 7 2 2 0 2
haar_x4
3.749921e-03 1 0
2
14 9 3 3 0 -1
14 10 3 1 0 3
haar_y3
-6.900429e-03 -1 -2
-5.943410e-01 5.755519e-01 -8.106237e-03 
2
2
12 10 8 3 0 -1
16 10 4 3 0 2
haar_x2
-5.332185e-02 0 1
2
14 4 4 6 0 -1
16 4 2 6 0 2
haar_x2
-1.868902e-03 -1 -2
-7.982939e-01 1.976172e-01 -1.642695e-01 
-1.593227e+00

5
-1
