40
2
2
6 11 7 4 0 -1
6 13 7 2 0 2
haar_y2
-5.662852e-03 1 0
2
8 9 6 2 0 -1
11 9 3 2 0 2
haar_x2
-2.283852e-03 -1 -2
-3.400818e-01 3.044494e-01 -2.476493e-01 
2
2
0 4 2 14 0 -1
1 4 1 14 0 2
haar_x2
-6.821552e-03 1 0
2
5 7 3 5 0 -1
6 7 1 5 0 3
haar_x3
2.577357e-03 -1 -2
-2.001819e-01 3.917430e-01 -5.266073e-01 
2
2
19 2 1 18 0 -1
19 8 1 6 0 3
haar_y3
-4.138999e-02 0 1
3
18 4 2 8 0 -1
18 4 1 4 0 2
19 8 1 4 0 2
haar_x2_y2
1.272332e-02 -1 -2
3.597681e-01 -1.846154e-01 5.756688e-01 
2
2
10 6 3 6 0 -1
11 6 1 6 0 3
haar_x3
4.010836e-03 1 0
2
15 6 4 4 0 -1
15 6 2 4 0 2
tilted_haar_x2
3.143624e-02 -1 -2
-6.122610e-01 1.265792e-01 -4.074322e-01 
2
2
0 9 2 2 0 -1
1 9 1 2 0 2
haar_x2
1.761613e-05 1 0
2
4 14 2 1 0 -1
5 14 1 1 0 2
haar_x2
-6.153224e-05 -1 -2
1.681319e-01 -4.889623e-01 -3.224370e-02 
2
2
15 6 2 3 0 -1
15 7 2 1 0 3
haar_y3
8.115407e-03 1 0
3
11 4 6 2 0 -1
11 4 3 1 0 2
14 5 3 1 0 2
haar_x2_y2
3.528098e-03 -1 -2
5.926390e-01 -1.475064e-01 2.990549e-01 
2
2
10 6 6 5 0 -1
12 6 2 5 0 3
haar_x3
-1.293478e-02 0 1
2
11 8 2 1 0 -1
12 8 1 1 0 2
haar_x2
-1.672141e-05 -1 -2
-4.066655e-01 2.220014e-01 -1.976857e-01 
2
2
14 11 2 3 0 -1
14 12 2 1 0 3
haar_y3
-2.604410e-03 0 1
2
14 11 4 3 0 -1
13 12 4 1 0 3
tilted_haar_y3
-7.494440e-03 -1 -2
3.318375e-01 2.594555e-01 -2.058080e-01 
2
2
14 16 2 1 0 -1
15 16 1 1 0 2
haar_x2
-1.090796e-04 0 1
2
17 13 1 3 0 -1
17 14 1 1 0 3
haar_y3
1.882529e-04 -1 -2
-2.308007e-01 2.724696e-01 -1.722096e-01 
2
3
7 0 8 2 0 -1
7 0 4 1 0 2
11 1 4 1 0 2
haar_x2_y2
1.377292e-02 1 0
2
17 8 2 6 0 -1
17 8 2 3 0 2
tilted_haar_y2
2.088971e-02 -1 -2
6.406097e-01 3.828071e-02 -3.908741e-01 
2
2
8 7 1 2 0 -1
8 8 1 1 0 2
haar_y2
3.456886e-05 1 0
2
9 5 1 2 0 -1
9 6 1 1 0 2
haar_y2
1.651417e-05 -1 -2
1.325839e-01 -4.631102e-01 3.684931e-03 
2
2
9 5 6 2 0 -1
9 5 3 2 0 2
tilted_haar_x2
2.534214e-05 1 0
2
9 10 1 3 0 -1
8 11 1 1 0 3
tilted_haar_y3
-1.615625e-03 -1 -2
9.898227e-02 -7.343259e-01 -1.031584e-01 
2
3
0 7 2 6 0 -1
0 7 1 3 0 2
1 10 1 3 0 2
haar_x2_y2
-7.190279e-03 0 1
3
0 7 2 8 0 -1
0 7 1 4 0 2
1 11 1 4 0 2
haar_x2_y2
7.433368e-03 -1 -2
5.034567e-01 -1.398427e-01 3.535894e-01 
2
2
15 8 3 3 0 -1
16 9 1 1 0 9
haar_point
1.743159e-02 1 0
2
4 8 3 2 0 -1
5 8 1 2 0 3
haar_x3
1.957680e-03 -1 -2
5.816726e-01 2.212305e-02 -5.162231e-01 
2
2
15 7 2 3 0 -1
15 8 2 1 0 3
haar_y3
6.438812e-03 1 0
3
7 0 8 2 0 -1
7 0 4 1 0 2
11 1 4 1 0 2
haar_x2_y2
-9.197958e-03 -1 -2
4.786471e-01 4.640404e-01 -1.161574e-01 
2
2
14 10 2 2 0 -1
14 10 1 2 0 2
tilted_haar_x2
3.681827e-05 1 0
2
7 10 3 2 0 -1
8 10 1 2 0 3
haar_x3
9.057832e-04 -1 -2
8.838595e-02 -5.303934e-02 -6.475410e-01 
2
2
11 11 5 3 0 -1
10 12 5 1 0 3
tilted_haar_y3
-3.973508e-03 0 1
2
14 11 5 3 0 -1
13 12 5 1 0 3
tilted_haar_y3
-3.269676e-03 -1 -2
1.847854e-01 1.298495e-01 -3.404705e-01 
2
2
5 0 12 5 0 -1
8 3 6 5 0 2
tilted_haar_x4
-1.584797e-02 0 1
2
1 13 6 2 0 -1
1 14 6 1 0 2
haar_y2
-6.060346e-05 -1 -2
2.457571e-01 5.439602e-02 -4.125099e-01 
2
2
4 3 2 1 0 -1
4 3 1 1 0 2
tilted_haar_x2
-4.454658e-05 0 1
2
4 10 2 1 0 -1
5 10 1 1 0 2
haar_x2
1.683563e-05 -1 -2
1.618420e-01 -4.570866e-01 3.206050e-02 
2
3
18 9 2 8 0 -1
18 9 1 4 0 2
19 13 1 4 0 2
haar_x2_y2
5.449323e-03 1 0
2
14 13 3 2 0 -1
15 14 1 2 0 3
tilted_haar_x3
9.922813e-03 -1 -2
2.674140e-01 -1.519362e-01 4.386618e-01 
2
2
12 9 2 1 0 -1
12 9 1 1 0 2
tilted_haar_x2
4.091056e-05 1 0
2
15 7 1 2 0 -1
15 7 1 1 0 2
tilted_haar_y2
-3.932065e-04 -1 -2
7.211208e-02 4.544362e-02 -5.620281e-01 
2
2
16 7 3 3 0 -1
17 8 1 1 0 9
haar_point
-5.483834e-05 0 1
3
14 8 4 2 0 -1
14 8 2 1 0 2
16 9 2 1 0 2
haar_x2_y2
-1.137664e-03 -1 -2
1.239740e-01 1.089587e-01 -4.130322e-01 
2
2
13 18 2 1 0 -1
14 18 1 1 0 2
haar_x2
-1.641971e-04 0 1
2
15 16 1 2 0 -1
15 17 1 1 0 2
haar_y2
2.259535e-04 -1 -2
-2.414671e-01 2.527257e-01 -1.302668e-01 
2
2
14 11 3 9 0 -1
15 14 1 3 0 9
haar_point
-5.853958e-03 0 1
3
10 12 4 4 0 -1
10 12 2 2 0 2
12 14 2 2 0 2
haar_x2_y2
-2.562328e-03 -1 -2
1.703824e-01 3.374241e-01 -2.921531e-01 
2
2
10 9 7 8 0 -1
10 13 7 4 0 2
haar_y2
-1.099773e-01 0 1
2
4 3 5 4 0 -1
3 4 5 2 0 2
tilted_haar_y4
-2.549547e-02 -1 -2
-6.857074e-01 -6.647920e-01 8.566190e-02 
2
2
18 8 2 1 0 -1
18 8 1 1 0 2
tilted_haar_x2
1.472484e-05 1 0
3
17 3 2 8 0 -1
17 3 1 4 0 2
18 7 1 4 0 2
haar_x2_y2
1.404880e-02 -1 -2
1.327995e-01 -2.417145e-01 5.992540e-01 
2
2
0 0 9 12 0 -1
3 4 3 4 0 9
haar_point
-1.956170e-02 0 1
2
0 2 14 6 0 -1
0 4 14 2 0 3
haar_y3
2.209666e-02 -1 -2
1.454141e-01 -3.263122e-01 1.167637e-01 
2
2
3 7 11 2 0 -1
3 8 11 1 0 2
haar_y2
1.729566e-02 1 0
2
5 6 12 6 0 -1
9 8 4 2 0 9
haar_point
-8.325566e-02 -1 -2
-6.321976e-01 -9.525838e-01 7.904804e-02 
2
3
13 10 6 2 0 -1
13 10 3 1 0 2
16 11 3 1 0 2
haar_x2_y2
-1.589957e-03 0 1
3
11 11 8 2 0 -1
11 11 4 1 0 2
15 12 4 1 0 2
haar_x2_y2
-1.268992e-03 -1 -2
2.570061e-01 1.873750e-01 -2.446034e-01 
2
2
11 9 3 6 0 -1
12 9 1 6 0 3
haar_x3
-8.682562e-03 0 1
3
16 11 2 4 0 -1
16 11 1 2 0 2
17 13 1 2 0 2
haar_x2_y2
3.141937e-03 -1 -2
-7.933970e-01 -3.272439e-02 4.589231e-01 
2
2
10 0 3 9 0 -1
11 3 1 3 0 9
haar_point
-8.044944e-03 1 0
2
8 6 3 4 0 -1
9 6 1 4 0 3
haar_x3
4.244823e-03 -1 -2
-1.586924e-01 2.463568e-01 -5.747863e-01 
2
2
13 1 1 2 0 -1
13 2 1 1 0 2
haar_y2
-1.530664e-04 0 1
2
9 8 3 1 0 -1
10 9 1 1 0 3
tilted_haar_x3
1.458080e-04 -1 -2
-2.094676e-01 -1.590243e-01 2.571684e-01 
2
3
10 5 4 2 0 -1
10 5 2 1 0 2
12 6 2 1 0 2
haar_x2_y2
6.120260e-03 1 0
2
10 8 4 5 0 -1
11 9 2 5 0 2
tilted_haar_x4
-1.957549e-02 -1 -2
6.738495e-01 -6.471640e-01 2.108029e-02 
2
2
9 2 10 16 0 -1
9 6 10 8 0 2
haar_y4
-2.570200e-01 0 1
2
4 5 6 2 0 -1
4 6 6 1 0 2
haar_y2
7.150861e-05 -1 -2
5.801830e-01 -3.010700e-01 7.500039e-02 
2
2
18 0 2 6 0 -1
16 2 2 2 0 3
tilted_haar_y3
-8.710131e-03 0 1
2
14 3 3 3 0 -1
15 4 1 1 0 9
haar_point
1.766572e-02 -1 -2
1.823332e-01 -2.451861e-01 6.066325e-01 
2
3
0 8 4 10 0 -1
0 8 2 5 0 2
2 13 2 5 0 2
haar_x2_y2
-1.078972e-02 0 1
2
5 10 2 2 0 -1
6 10 1 2 0 2
haar_x2
1.968372e-05 -1 -2
2.188970e-01 -4.914255e-01 3.195624e-02 
2
2
7 0 9 18 0 -1
7 9 9 9 0 2
haar_y2
-6.571717e-03 0 1
3
2 7 8 6 0 -1
2 7 4 3 0 2
6 10 4 3 0 2
haar_x2_y2
5.250615e-03 -1 -2
1.080192e-01 -5.629030e-01 2.107388e-01 
2
2
11 7 4 2 0 -1
11 7 2 2 0 2
tilted_haar_x2
6.998343e-04 1 0
2
1 14 2 1 0 -1
2 14 1 1 0 2
haar_x2
-3.294889e-04 -1 -2
6.664716e-02 -6.289921e-01 1.189322e-01 
2
2
9 11 4 2 0 -1
9 12 4 1 0 2
haar_y2
-2.105609e-05 0 1
2
5 11 2 2 0 -1
5 12 2 1 0 2
haar_y2
-1.874772e-05 -1 -2
4.954281e-02 5.672145e-05 -7.298038e-01 
2
2
11 5 6 3 0 -1
13 6 2 1 0 9
haar_point
-1.540751e-03 0 1
3
6 5 10 2 0 -1
6 5 5 1 0 2
11 6 5 1 0 2
haar_x2_y2
8.857871e-04 -1 -2
1.779912e-01 -4.311416e-01 1.142462e-01 
-1.594805e+00

8
-1
