27
2
2
18 2 2 18 0 -1
19 2 1 18 0 2
haar_x2
8.426486e-03 1 0
2
16 9 3 3 0 -1
16 10 3 1 0 3
haar_y3
8.340832e-03 -1 -2
3.824854e-01 -3.140186e-01 6.389269e-01 
2
2
1 14 19 6 0 -1
1 17 19 3 0 2
haar_y2
6.264451e-02 0 1
2
0 4 2 14 0 -1
1 4 1 14 0 2
haar_x2
-7.197586e-03 -1 -2
-2.612474e-01 6.302152e-01 -7.040334e-02 
2
2
2 11 2 1 0 -1
3 11 1 1 0 2
haar_x2
1.601060e-05 0 1
2
0 5 20 12 0 -1
10 5 10 12 0 2
haar_x2
2.051990e-01 -1 -2
-2.731934e-01 3.180960e-01 -6.846950e-01 
2
2
12 7 2 6 0 -1
10 9 2 2 0 3
tilted_haar_y3
3.603744e-03 0 1
2
10 9 3 2 0 -1
11 10 1 2 0 3
tilted_haar_x3
5.708152e-03 -1 -2
-3.697176e-01 2.138901e-01 -5.021533e-01 
2
2
15 9 3 3 0 -1
16 10 1 1 0 9
haar_point
-3.864759e-03 0 1
2
15 8 3 3 0 -1
15 9 3 1 0 3
haar_y3
-4.654317e-03 -1 -2
3.200909e-01 4.528055e-01 -2.801258e-01 
2
2
1 0 8 1 0 -1
1 0 4 1 0 2
tilted_haar_x2
1.125676e-02 1 0
2
0 8 2 6 0 -1
1 8 1 6 0 2
haar_x2
4.572151e-03 -1 -2
2.789023e-01 -3.706689e-01 3.201405e-01 
2
2
18 10 2 1 0 -1
19 10 1 1 0 2
haar_x2
1.160401e-04 1 0
2
13 7 7 8 0 -1
13 11 7 4 0 2
haar_y2
-8.026333e-02 -1 -2
-2.850524e-01 -7.082245e-01 2.370535e-01 
2
2
5 17 11 3 0 -1
5 18 11 1 0 3
haar_y3
-8.922292e-03 0 1
2
17 12 3 3 0 -1
18 13 1 3 0 3
tilted_haar_x3
-1.392302e-02 -1 -2
3.905907e-01 4.712965e-01 -2.119559e-01 
2
2
6 5 13 10 0 -1
6 10 13 5 0 2
haar_y2
5.628189e-02 1 0
2
4 0 16 4 0 -1
4 0 8 4 0 2
tilted_haar_x2
2.579731e-01 -1 -2
-5.054108e-01 1.753966e-01 -5.172214e-01 
2
2
12 8 2 1 0 -1
13 8 1 1 0 2
haar_x2
-1.498088e-05 1 0
2
10 7 4 5 0 -1
11 7 2 5 0 2
haar_x4
5.398066e-03 -1 -2
-2.820483e-01 2.344563e-01 -5.170268e-01 
2
2
19 2 1 6 0 -1
17 4 1 2 0 3
tilted_haar_y3
-7.429155e-03 0 1
3
10 5 6 2 0 -1
10 5 3 1 0 2
13 6 3 1 0 2
haar_x2_y2
-4.909658e-03 -1 -2
2.630636e-01 3.708453e-01 -2.997141e-01 
2
2
5 11 2 2 0 -1
6 11 1 2 0 2
haar_x2
1.587598e-05 0 1
2
12 5 1 12 0 -1
9 8 1 6 0 2
tilted_haar_y4
-2.903549e-03 -1 -2
-2.398058e-01 4.334586e-01 -5.100142e-02 
2
2
6 5 6 11 0 -1
8 5 2 11 0 3
haar_x3
3.752600e-02 1 0
2
10 9 2 1 0 -1
10 9 1 1 0 2
tilted_haar_x2
1.921079e-05 -1 -2
-5.441960e-01 -2.737498e-01 2.084093e-01 
2
3
12 2 4 2 0 -1
12 2 2 1 0 2
14 3 2 1 0 2
haar_x2_y2
5.010556e-03 1 0
2
17 9 3 3 0 -1
18 10 1 1 0 9
haar_point
-1.438420e-02 -1 -2
7.055765e-01 5.113967e-01 -1.426629e-01 
2
2
7 5 3 5 0 -1
8 5 1 5 0 3
haar_x3
-5.868998e-03 0 1
2
14 13 1 3 0 -1
13 14 1 1 0 3
tilted_haar_y3
5.744984e-03 -1 -2
-7.811797e-01 -3.757218e-03 6.323375e-01 
2
2
12 11 1 6 0 -1
12 14 1 3 0 2
haar_y2
-5.084347e-03 0 1
2
4 14 2 2 0 -1
5 14 1 2 0 2
haar_x2
-1.655857e-04 -1 -2
2.989686e-01 -4.349250e-01 3.748356e-02 
2
3
0 13 2 2 0 -1
0 13 1 1 0 2
1 14 1 1 0 2
haar_x2_y2
-2.214457e-03 0 1
2
15 0 2 3 0 -1
14 1 2 1 0 3
tilted_haar_y3
-8.027403e-03 -1 -2
6.347267e-01 3.777783e-01 -1.517703e-01 
2
2
14 1 1 3 0 -1
14 2 1 1 0 3
haar_y3
3.510089e-03 1 0
2
15 2 2 2 0 -1
15 3 2 1 0 2
haar_y2
-4.890696e-04 -1 -2
6.605815e-01 -3.322096e-01 1.031300e-01 
2
2
0 0 2 1 0 -1
1 0 1 1 0 2
haar_x2
-1.808878e-04 0 1
2
0 0 2 2 0 -1
1 0 1 2 0 2
haar_x2
5.395604e-04 -1 -2
-2.972227e-01 3.025513e-01 -1.536967e-01 
2
2
2 4 3 2 0 -1
3 5 1 2 0 3
tilted_haar_x3
-3.733764e-03 0 1
2
9 7 1 2 0 -1
9 8 1 1 0 2
haar_y2
1.522906e-05 -1 -2
2.804038e-01 -3.956367e-01 5.681600e-02 
2
2
17 12 1 3 0 -1
17 13 1 1 0 3
haar_y3
5.413903e-03 1 0
2
7 7 4 1 0 -1
8 8 2 1 0 2
tilted_haar_x4
6.463773e-03 -1 -2
8.085842e-01 1.232888e-02 -6.559404e-01 
2
2
17 11 3 3 0 -1
16 12 3 1 0 3
tilted_haar_y3
-5.869976e-03 0 1
2
15 5 1 3 0 -1
15 6 1 1 0 3
haar_y3
2.832806e-03 -1 -2
3.058642e-01 -1.891686e-01 4.761896e-01 
2
2
18 6 1 2 0 -1
18 6 1 1 0 2
tilted_haar_y2
-1.912754e-05 1 0
2
3 12 2 1 0 -1
4 12 1 1 0 2
haar_x2
1.587598e-05 -1 -2
-2.067292e-01 -1.269736e-01 3.908523e-01 
2
2
8 6 12 1 0 -1
11 6 6 1 0 2
haar_x4
-4.524775e-03 1 0
2
11 6 4 8 0 -1
13 6 2 8 0 2
haar_x2
-3.294490e-02 -1 -2
-1.371459e-01 -6.850384e-01 3.913780e-01 
2
2
12 5 7 6 0 -1
12 8 7 3 0 2
haar_y2
4.934737e-02 1 0
2
10 12 1 2 0 -1
10 13 1 1 0 2
haar_y2
-1.399464e-05 -1 -2
-6.332440e-01 2.064989e-01 -2.246402e-01 
2
2
16 7 1 3 0 -1
16 8 1 1 0 3
haar_y3
-4.025332e-03 0 1
2
2 2 17 16 0 -1
2 6 17 8 0 2
haar_y4
-3.922932e-01 -1 -2
7.790810e-01 6.871096e-01 -1.099171e-01 
2
2
17 0 2 6 0 -1
15 2 2 2 0 3
tilted_haar_y3
-4.717469e-03 1 0
2
16 4 2 1 0 -1
17 4 1 1 0 2
haar_x2
2.857553e-04 -1 -2
-1.851223e-01 4.429933e-01 -1.565917e-01 
-1.597735e+00

4
-1
