30
2
2
0 0 20 8 0 -1
0 4 20 4 0 2
haar_y2
-1.196418e-01 0 1
2
6 8 8 3 0 -1
10 8 4 3 0 2
haar_x2
-7.726238e-03 -1 -2
3.170508e-01 3.967492e-02 -5.185981e-01 
2
2
3 18 13 2 0 -1
3 19 13 1 0 2
haar_y2
1.381145e-02 1 0
2
7 12 11 8 0 -1
7 16 11 4 0 2
haar_y2
1.154064e-01 -1 -2
3.839846e-01 -2.818201e-01 2.502300e-01 
2
2
9 6 6 9 0 -1
11 9 2 3 0 9
haar_point
-3.227295e-02 0 1
2
8 7 4 1 0 -1
9 8 2 1 0 2
tilted_haar_x4
8.801330e-04 -1 -2
-5.445167e-01 -2.285751e-01 2.475994e-01 
2
2
7 6 4 1 0 -1
7 6 2 1 0 2
tilted_haar_x2
-6.506896e-03 0 1
2
8 9 1 4 0 -1
8 10 1 2 0 2
haar_y4
1.711537e-05 -1 -2
-4.749942e-01 -2.061401e-01 2.470288e-01 
2
2
2 13 2 1 0 -1
3 13 1 1 0 2
haar_x2
-1.152551e-04 0 1
3
16 11 4 8 0 -1
16 11 2 4 0 2
18 15 2 4 0 2
haar_x2_y2
2.703242e-03 -1 -2
-3.307133e-01 -9.446500e-02 3.800433e-01 
2
3
0 5 2 8 0 -1
0 5 1 4 0 2
1 9 1 4 0 2
haar_x2_y2
8.655820e-03 1 0
2
3 15 1 2 0 -1
3 16 1 1 0 2
haar_y2
1.316767e-04 -1 -2
5.334811e-01 8.875953e-02 -3.351143e-01 
2
2
2 11 4 2 0 -1
2 11 4 1 0 2
tilted_haar_y2
-7.774191e-03 0 1
2
15 11 3 3 0 -1
16 12 1 1 0 9
haar_point
-6.997905e-03 -1 -2
3.350269e-01 2.546891e-01 -2.730894e-01 
2
2
6 13 6 2 0 -1
6 14 6 1 0 2
haar_y2
-1.884597e-05 1 0
2
5 8 3 1 0 -1
6 8 1 1 0 3
haar_x3
9.727093e-04 -1 -2
-2.737154e-01 2.348938e-01 -4.797072e-01 
2
2
16 10 1 3 0 -1
16 11 1 1 0 3
haar_y3
-3.018200e-03 0 1
2
16 13 2 1 0 -1
17 13 1 1 0 2
haar_x2
1.040245e-04 -1 -2
5.276492e-01 8.398743e-02 -3.224451e-01 
2
2
13 12 6 3 0 -1
15 13 2 1 0 9
haar_point
-4.554230e-03 0 1
2
15 11 3 3 0 -1
16 12 1 1 0 9
haar_point
-1.641659e-03 -1 -2
1.992004e-01 1.583523e-01 -3.692795e-01 
2
2
14 0 2 1 0 -1
15 0 1 1 0 2
haar_x2
-4.635317e-04 0 1
2
13 9 2 1 0 -1
13 9 1 1 0 2
tilted_haar_x2
1.768416e-05 -1 -2
-3.231496e-01 -2.055669e-01 2.460704e-01 
2
2
8 16 1 2 0 -1
8 17 1 1 0 2
haar_y2
1.184651e-04 0 1
2
8 15 2 3 0 -1
8 16 2 1 0 3
haar_y3
-1.036629e-02 -1 -2
1.562938e-01 5.620307e-01 -3.532563e-01 
2
2
11 9 4 3 0 -1
13 9 2 3 0 2
haar_x2
-1.127926e-02 0 1
2
12 10 2 1 0 -1
13 10 1 1 0 2
haar_x2
-1.666116e-05 -1 -2
-5.398569e-01 2.336346e-01 -1.808649e-01 
2
3
17 1 2 12 0 -1
17 1 1 6 0 2
18 7 1 6 0 2
haar_x2_y2
-5.475173e-03 0 1
2
0 1 20 17 0 -1
5 1 10 17 0 2
haar_x4
-3.615203e-01 -1 -2
2.865787e-01 5.391335e-01 -1.819409e-01 
2
2
16 9 3 3 0 -1
17 10 1 1 0 9
haar_point
2.450730e-04 1 0
2
17 10 2 1 0 -1
18 10 1 1 0 2
haar_x2
1.152638e-04 -1 -2
-2.190135e-01 3.512320e-01 -1.359981e-01 
2
2
14 10 4 1 0 -1
15 10 2 1 0 2
haar_x4
-1.592159e-05 0 1
2
14 11 3 1 0 -1
15 11 1 1 0 3
haar_x3
-2.185672e-05 -1 -2
1.911797e-01 1.248299e-01 -3.980127e-01 
2
2
10 7 3 6 0 -1
10 9 3 2 0 3
haar_y3
2.043415e-02 1 0
3
12 13 4 2 0 -1
12 13 2 1 0 2
14 14 2 1 0 2
haar_x2_y2
-2.681725e-03 -1 -2
-6.497180e-01 5.123256e-01 -3.636452e-02 
2
2
15 8 3 3 0 -1
15 9 3 1 0 3
haar_y3
-5.370167e-03 0 1
2
5 8 2 3 0 -1
6 8 1 3 0 2
haar_x2
1.634550e-05 -1 -2
4.474836e-01 -3.522422e-01 8.661164e-02 
2
2
3 12 1 2 0 -1
3 13 1 1 0 2
haar_y2
-1.587598e-05 0 1
2
16 3 2 12 0 -1
13 6 2 6 0 2
tilted_haar_y4
-5.892587e-02 -1 -2
1.572056e-01 7.394763e-01 -3.194954e-01 
2
2
4 0 6 4 0 -1
6 2 2 4 0 3
tilted_haar_x3
-3.009738e-02 0 1
2
19 0 1 2 0 -1
19 1 1 1 0 2
haar_y2
-1.819701e-04 -1 -2
2.731505e-01 -4.212342e-01 4.229759e-02 
2
2
4 3 1 2 0 -1
4 4 1 1 0 2
haar_y2
-1.437771e-04 0 1
2
11 5 1 4 0 -1
11 5 1 2 0 2
tilted_haar_y2
-1.228495e-02 -1 -2
-2.493614e-01 -5.752594e-01 2.075544e-01 
2
2
13 12 2 3 0 -1
12 13 2 1 0 3
tilted_haar_y3
-5.958954e-03 0 1
2
1 14 17 6 0 -1
1 17 17 3 0 2
haar_y2
2.639521e-02 -1 -2
3.566367e-01 -2.816229e-01 1.082006e-01 
2
2
15 15 1 2 0 -1
15 16 1 1 0 2
haar_y2
1.726369e-04 1 0
2
17 15 1 2 0 -1
17 16 1 1 0 2
haar_y2
-4.927060e-04 -1 -2
-2.483907e-01 -2.553247e-01 3.129384e-01 
2
2
14 14 3 3 0 -1
15 15 1 1 0 9
haar_point
-1.026267e-02 0 1
2
14 14 2 3 0 -1
14 15 2 1 0 3
haar_y3
6.837522e-03 -1 -2
4.003021e-01 -1.426465e-01 5.429261e-01 
2
2
18 0 2 2 0 -1
19 0 1 2 0 2
haar_x2
-1.064617e-03 0 1
2
0 11 7 2 0 -1
0 12 7 1 0 2
haar_y2
-1.353110e-02 -1 -2
-3.515993e-01 -5.633956e-01 1.398373e-01 
2
2
12 0 1 3 0 -1
12 1 1 1 0 3
haar_y3
-3.582821e-03 0 1
2
16 7 3 3 0 -1
17 8 1 1 0 9
haar_point
-5.489324e-03 -1 -2
4.974257e-01 2.109170e-01 -1.853521e-01 
2
2
17 8 2 1 0 -1
18 8 1 1 0 2
haar_x2
1.129439e-04 0 1
3
17 3 2 8 0 -1
17 3 1 4 0 2
18 7 1 4 0 2
haar_x2_y2
1.217276e-02 -1 -2
1.474469e-01 -3.857516e-01 4.411418e-01 
2
2
10 0 1 3 0 -1
10 1 1 1 0 3
haar_y3
5.055593e-03 1 0
2
17 15 1 2 0 -1
17 16 1 1 0 2
haar_y2
3.109255e-04 -1 -2
6.965097e-01 9.761248e-02 -2.817087e-01 
2
2
12 8 3 4 0 -1
13 8 1 4 0 3
haar_x3
9.215940e-04 1 0
2
11 8 3 3 0 -1
12 8 1 3 0 3
haar_x3
2.004554e-03 -1 -2
-2.897645e-01 1.823733e-01 -4.758486e-01 
2
2
13 9 3 3 0 -1
14 10 1 1 0 9
haar_point
-5.457146e-03 0 1
2
14 8 3 3 0 -1
15 9 1 1 0 9
haar_point
-1.216621e-03 -1 -2
3.348263e-01 1.494505e-01 -2.582080e-01 
-1.616410e+00

6
-1
