47
2
2
2 0 16 4 0 -1
2 2 16 2 0 2
haar_y2
-4.334798e-02 0 1
2
8 7 5 6 0 -1
8 9 5 2 0 3
haar_y3
4.457940e-03 -1 -2
2.602997e-01 -4.100723e-01 1.479414e-02 
2
2
3 12 2 3 0 -1
2 13 2 1 0 3
tilted_haar_y3
-9.098831e-03 1 0
3
8 7 12 12 0 -1
8 7 6 6 0 2
14 13 6 6 0 2
haar_x2_y2
4.905905e-02 -1 -2
-1.012061e-01 -8.276207e-02 5.223339e-01 
2
2
18 13 1 2 0 -1
18 14 1 1 0 2
haar_y2
1.018894e-04 1 0
2
19 13 1 2 0 -1
19 14 1 1 0 2
haar_y2
-2.279324e-04 -1 -2
-2.247913e-01 -2.064249e-01 2.885245e-01 
2
2
14 12 6 3 0 -1
16 13 2 1 0 9
haar_point
-1.004589e-02 0 1
2
16 11 2 3 0 -1
16 12 2 1 0 3
haar_y3
-2.936601e-03 -1 -2
1.943537e-01 1.920899e-01 -2.812564e-01 
2
2
14 6 5 4 0 -1
14 6 5 2 0 2
tilted_haar_y2
-4.699258e-02 0 1
3
9 14 4 4 0 -1
9 14 2 2 0 2
11 16 2 2 0 2
haar_x2_y2
-3.152448e-03 -1 -2
-6.737750e-01 3.005095e-01 -4.545457e-02 
2
2
8 1 1 2 0 -1
8 2 1 1 0 2
haar_y2
-2.486800e-04 0 1
2
14 9 3 5 0 -1
15 10 1 5 0 3
tilted_haar_x3
1.122099e-02 -1 -2
-2.231554e-01 1.554875e-01 -4.356081e-01 
2
2
13 12 2 1 0 -1
13 12 1 1 0 2
tilted_haar_x2
1.852128e-05 0 1
3
6 16 10 4 0 -1
6 16 5 2 0 2
11 18 5 2 0 2
haar_x2_y2
-1.007188e-02 -1 -2
-2.252347e-01 3.830226e-01 -1.153747e-02 
2
2
10 16 1 2 0 -1
10 17 1 1 0 2
haar_y2
1.488110e-04 1 0
2
10 16 2 1 0 -1
10 16 1 1 0 2
tilted_haar_x2
6.805363e-04 -1 -2
-1.883078e-01 2.979963e-01 -9.002162e-02 
2
2
0 3 10 15 0 -1
0 8 10 5 0 3
haar_y3
-2.258979e-01 0 1
2
8 13 6 3 0 -1
10 13 2 3 0 3
haar_x3
-4.239485e-04 -1 -2
5.639893e-01 1.152061e-01 -2.114174e-01 
2
3
2 17 16 2 0 -1
2 17 8 1 0 2
10 18 8 1 0 2
haar_x2_y2
1.819287e-02 1 0
3
3 9 6 2 0 -1
3 9 3 1 0 2
6 10 3 1 0 2
haar_x2_y2
4.526306e-03 -1 -2
4.172774e-01 -1.399600e-02 -6.794489e-01 
2
2
13 12 4 1 0 -1
14 12 2 1 0 2
haar_x4
-3.681141e-05 0 1
3
14 12 6 4 0 -1
14 12 3 2 0 2
17 14 3 2 0 2
haar_x2_y2
6.603549e-03 -1 -2
1.406395e-01 -3.518871e-01 6.657442e-02 
2
2
17 13 1 2 0 -1
17 14 1 1 0 2
haar_y2
1.058976e-04 1 0
2
15 14 2 1 0 -1
16 14 1 1 0 2
haar_x2
1.226630e-04 -1 -2
-1.941028e-01 2.384671e-01 -2.351493e-01 
2
2
11 5 3 4 0 -1
10 6 3 2 0 2
tilted_haar_y4
-1.098107e-02 0 1
2
8 7 2 2 0 -1
8 8 2 1 0 2
haar_y2
1.702778e-05 -1 -2
-6.532555e-01 -1.883408e-01 1.468900e-01 
2
3
18 5 2 4 0 -1
18 5 1 2 0 2
19 7 1 2 0 2
haar_x2_y2
-6.120444e-03 0 1
2
12 12 2 3 0 -1
11 13 2 1 0 3
tilted_haar_y3
5.499507e-03 -1 -2
4.557562e-01 -1.180567e-01 2.815019e-01 
2
2
15 7 2 3 0 -1
15 8 2 1 0 3
haar_y3
-2.098800e-03 1 0
2
12 7 1 4 0 -1
11 8 1 2 0 2
tilted_haar_y4
6.219716e-03 -1 -2
-7.753367e-02 3.772557e-01 -6.758776e-01 
2
3
10 13 4 4 0 -1
10 13 2 2 0 2
12 15 2 2 0 2
haar_x2_y2
-7.675941e-03 0 1
2
14 4 4 12 0 -1
14 8 4 4 0 3
haar_y3
4.135900e-02 -1 -2
3.552292e-01 2.178452e-02 -3.846019e-01 
2
2
15 7 3 3 0 -1
15 8 3 1 0 3
haar_y3
1.109633e-02 1 0
2
15 6 1 2 0 -1
15 7 1 1 0 2
haar_y2
-1.551607e-04 -1 -2
4.914742e-01 -2.348967e-01 7.177229e-02 
2
2
11 9 3 2 0 -1
12 10 1 2 0 3
tilted_haar_x3
-3.269322e-03 0 1
2
13 7 1 2 0 -1
13 7 1 1 0 2
tilted_haar_y2
-3.857516e-03 -1 -2
-2.924038e-01 -5.409081e-01 1.180991e-01 
2
2
12 18 2 1 0 -1
13 18 1 1 0 2
haar_x2
2.187320e-04 1 0
3
2 8 18 2 0 -1
2 8 9 1 0 2
11 9 9 1 0 2
haar_x2_y2
8.927066e-04 -1 -2
-1.939900e-01 -6.089578e-02 3.056588e-01 
2
2
5 13 1 2 0 -1
5 14 1 1 0 2
haar_y2
2.303037e-04 1 0
2
10 11 8 5 0 -1
14 11 4 5 0 2
haar_x2
-5.192938e-02 -1 -2
-2.392707e-01 -4.898286e-01 1.281796e-01 
2
3
3 1 12 2 0 -1
3 1 6 1 0 2
9 2 6 1 0 2
haar_x2_y2
1.642216e-02 1 0
2
0 2 1 18 0 -1
0 11 1 9 0 2
haar_y2
5.951139e-02 -1 -2
4.563332e-01 -1.296795e-02 -6.917890e-01 
2
2
17 8 3 3 0 -1
18 9 1 1 0 9
haar_point
1.849140e-04 1 0
2
17 9 2 1 0 -1
18 9 1 1 0 2
haar_x2
1.340905e-04 -1 -2
-1.722236e-01 1.896828e-01 -3.006886e-01 
2
3
14 9 6 2 0 -1
14 9 3 1 0 2
17 10 3 1 0 2
haar_x2_y2
-1.151677e-03 0 1
2
14 10 4 1 0 -1
15 10 2 1 0 2
haar_x4
-3.697014e-05 -1 -2
1.887136e-01 4.021653e-02 -3.107829e-01 
2
3
12 4 4 12 0 -1
12 4 2 6 0 2
14 10 2 6 0 2
haar_x2_y2
2.144869e-02 1 0
2
4 17 2 1 0 -1
5 17 1 1 0 2
haar_x2
-1.058204e-04 -1 -2
-3.846762e-01 -1.396010e-01 1.622857e-01 
2
2
4 11 6 3 0 -1
3 12 6 1 0 3
tilted_haar_y3
-1.773947e-02 0 1
2
18 0 2 5 0 -1
19 0 1 5 0 2
haar_x2
-3.305756e-03 -1 -2
2.668791e-01 -4.417549e-01 -5.640442e-03 
2
2
14 7 3 5 0 -1
15 8 1 5 0 3
tilted_haar_x3
-1.804741e-05 1 0
3
10 13 6 4 0 -1
10 13 3 2 0 2
13 15 3 2 0 2
haar_x2_y2
8.842725e-03 -1 -2
-1.580824e-01 2.421895e-02 4.696640e-01 
2
2
1 15 2 1 0 -1
2 15 1 1 0 2
haar_x2
-1.474081e-04 0 1
2
2 13 9 1 0 -1
5 13 3 1 0 3
haar_x3
-1.792362e-03 -1 -2
-1.781721e-01 3.338768e-01 -1.448324e-02 
2
2
16 10 3 3 0 -1
17 11 1 1 0 9
haar_point
2.158504e-04 1 0
2
18 10 1 2 0 -1
18 11 1 1 0 2
haar_y2
1.181111e-04 -1 -2
-1.557060e-01 2.225191e-01 -1.730324e-01 
2
3
18 10 2 2 0 -1
18 10 1 1 0 2
19 11 1 1 0 2
haar_x2_y2
-2.924257e-03 0 1
3
17 14 2 2 0 -1
17 14 1 1 0 2
18 15 1 1 0 2
haar_x2_y2
-3.373328e-03 -1 -2
4.819176e-01 6.086648e-01 -7.258155e-02 
2
2
7 8 1 2 0 -1
7 9 1 1 0 2
haar_y2
1.669936e-05 0 1
2
6 9 2 3 0 -1
6 10 2 1 0 3
haar_y3
1.940945e-05 -1 -2
-1.462356e-01 -2.557636e-01 2.505422e-01 
2
2
9 8 2 5 0 -1
9 8 1 5 0 2
tilted_haar_x2
9.343602e-04 0 1
2
10 9 5 3 0 -1
9 10 5 1 0 3
tilted_haar_y3
-3.474005e-03 -1 -2
1.738545e-01 1.623167e-01 -2.751725e-01 
2
2
8 5 1 2 0 -1
8 6 1 1 0 2
haar_y2
4.915558e-05 0 1
2
6 4 4 2 0 -1
6 5 4 1 0 2
haar_y2
2.532952e-03 -1 -2
-1.732225e-01 2.393420e-01 -1.404878e-01 
2
3
2 2 18 4 0 -1
2 2 9 2 0 2
11 4 9 2 0 2
haar_x2_y2
-2.360790e-02 1 0
2
15 3 3 8 0 -1
13 5 3 4 0 2
tilted_haar_y4
-3.967959e-02 -1 -2
-1.066485e-01 -7.468634e-01 3.086136e-01 
2
2
9 9 1 2 0 -1
9 10 1 1 0 2
haar_y2
1.806760e-03 1 0
2
16 0 3 3 0 -1
17 1 1 3 0 3
tilted_haar_x3
-8.496583e-03 -1 -2
-8.544216e-01 3.216592e-01 -4.950649e-02 
2
2
14 4 2 1 0 -1
15 4 1 1 0 2
haar_x2
1.344433e-04 1 0
2
7 13 4 2 0 -1
8 13 2 2 0 2
haar_x4
-2.924735e-04 -1 -2
-2.209486e-01 2.787374e-01 -4.371039e-02 
2
3
0 5 2 4 0 -1
0 5 1 2 0 2
1 7 1 2 0 2
haar_x2_y2
-4.887789e-03 0 1
2
19 2 1 16 0 -1
15 6 1 8 0 2
tilted_haar_y4
-4.422672e-02 -1 -2
4.621843e-01 3.230991e-01 -9.779488e-02 
2
2
2 13 1 2 0 -1
2 14 1 1 0 2
haar_y2
1.172955e-04 1 0
3
15 13 4 2 0 -1
15 13 2 1 0 2
17 14 2 1 0 2
haar_x2_y2
-2.497674e-03 -1 -2
-2.257034e-01 4.641462e-01 4.590156e-02 
2
2
2 6 2 1 0 -1
3 6 1 1 0 2
haar_x2
1.498088e-05 0 1
3
4 2 6 4 0 -1
4 2 3 2 0 2
7 4 3 2 0 2
haar_x2_y2
7.099246e-03 -1 -2
-1.505660e-01 8.463257e-03 4.962020e-01 
2
2
4 11 1 4 0 -1
4 11 1 2 0 2
tilted_haar_y2
-2.076919e-03 1 0
2
0 10 2 1 0 -1
1 10 1 1 0 2
haar_x2
-1.749838e-04 -1 -2
-1.145919e-01 -1.088310e-01 3.896061e-01 
2
2
3 13 9 2 0 -1
3 14 9 1 0 2
haar_y2
-3.047084e-04 1 0
3
2 8 4 10 0 -1
2 8 2 5 0 2
4 13 2 5 0 2
haar_x2_y2
6.013155e-03 -1 -2
-2.042188e-01 2.161127e-02 4.399490e-01 
2
2
13 7 7 4 0 -1
13 7 7 2 0 2
tilted_haar_y2
-4.930801e-02 0 1
2
13 9 3 3 0 -1
14 10 1 1 0 9
haar_point
-5.103344e-03 -1 -2
-4.835348e-01 3.073627e-01 -3.448857e-02 
2
2
13 7 4 8 0 -1
15 7 2 8 0 2
haar_x2
1.581348e-02 1 0
2
12 9 3 5 0 -1
13 9 1 5 0 3
haar_x3
-1.785256e-05 -1 -2
-4.302478e-01 2.083523e-01 -1.071089e-01 
2
2
12 17 2 1 0 -1
13 17 1 1 0 2
haar_x2
-1.485344e-04 0 1
3
6 0 8 12 0 -1
6 0 4 6 0 2
10 6 4 6 0 2
haar_x2_y2
-8.119911e-02 -1 -2
-1.930840e-01 -5.614467e-01 1.390407e-01 
2
2
7 12 6 8 0 -1
7 14 6 4 0 2
haar_y4
9.616705e-03 0 1
2
10 8 2 2 0 -1
10 8 2 1 0 2
tilted_haar_y2
3.481733e-04 -1 -2
-7.663336e-02 4.510918e-01 -1.377550e-01 
2
2
14 11 3 1 0 -1
15 11 1 1 0 3
haar_x3
1.177041e-04 0 1
2
7 2 10 5 0 -1
12 2 5 5 0 2
haar_x2
3.500436e-02 -1 -2
1.082123e-01 -2.722094e-01 4.132890e-01 
2
2
18 12 1 2 0 -1
18 13 1 1 0 2
haar_y2
4.477767e-05 1 0
2
18 7 2 9 0 -1
18 10 2 3 0 3
haar_y3
-4.626178e-03 -1 -2
-1.668833e-01 4.021034e-01 -2.687772e-02 
2
2
15 14 2 3 0 -1
14 15 2 1 0 3
tilted_haar_y3
-8.545388e-03 1 0
2
17 14 2 4 0 -1
17 15 2 2 0 2
haar_y4
8.283939e-04 -1 -2
-6.472038e-02 5.192419e-01 -2.019059e-01 
-1.369841e+00

16
-1
