38
2
2
1 14 19 6 0 -1
1 17 19 3 0 2
haar_y2
5.214811e-02 0 1
2
12 5 3 8 0 -1
12 9 3 4 0 2
haar_y2
-2.672447e-02 -1 -2
-2.495114e-01 -5.534717e-01 3.142026e-01 
2
2
2 11 2 1 0 -1
3 11 1 1 0 2
haar_x2
1.601060e-05 0 1
2
8 7 4 1 0 -1
9 8 2 1 0 2
tilted_haar_x4
6.219118e-04 -1 -2
-2.689016e-01 -2.135677e-01 2.783189e-01 
2
2
18 2 2 18 0 -1
19 2 1 18 0 2
haar_x2
4.507923e-03 1 0
3
13 8 6 2 0 -1
13 8 3 1 0 2
16 9 3 1 0 2
haar_x2_y2
2.962228e-03 -1 -2
1.981084e-01 -2.770590e-01 2.287739e-01 
2
2
11 9 3 3 0 -1
12 9 1 3 0 3
haar_x3
1.349903e-03 1 0
3
7 8 2 4 0 -1
7 8 1 2 0 2
8 10 1 2 0 2
haar_x2_y2
-1.208648e-03 -1 -2
-4.269669e-01 -3.905458e-01 1.662249e-01 
2
2
17 15 1 2 0 -1
17 16 1 1 0 2
haar_y2
1.867635e-04 1 0
2
17 15 1 2 0 -1
17 16 1 1 0 2
haar_y2
-3.001790e-04 -1 -2
-2.240817e-01 -1.768674e-01 3.825625e-01 
2
2
16 7 3 3 0 -1
17 8 1 1 0 9
haar_point
1.884322e-02 1 0
2
14 7 4 3 0 -1
14 8 4 1 0 3
haar_y3
-2.514206e-03 -1 -2
5.231001e-01 2.004391e-01 -2.015515e-01 
2
3
7 1 6 2 0 -1
7 1 3 1 0 2
10 2 3 1 0 2
haar_x2_y2
-1.110418e-02 0 1
3
0 3 2 14 0 -1
0 3 1 7 0 2
1 10 1 7 0 2
haar_x2_y2
1.037446e-02 -1 -2
6.627187e-01 -1.263176e-01 3.064340e-01 
2
3
0 8 4 8 0 -1
0 8 2 4 0 2
2 12 2 4 0 2
haar_x2_y2
-1.484077e-02 0 1
3
0 9 2 8 0 -1
0 9 1 4 0 2
1 13 1 4 0 2
haar_x2_y2
-6.271845e-03 -1 -2
2.837946e-01 3.160530e-01 -1.896209e-01 
2
2
12 7 4 4 0 -1
13 8 2 4 0 2
tilted_haar_x4
-1.270139e-02 0 1
2
6 8 2 3 0 -1
7 8 1 3 0 2
haar_x2
-1.280249e-03 -1 -2
-5.620567e-01 -4.527760e-01 1.217411e-01 
2
2
6 13 6 3 0 -1
8 13 2 3 0 3
haar_x3
-1.731734e-03 0 1
2
6 7 7 2 0 -1
6 7 7 1 0 2
tilted_haar_y2
-1.909521e-04 -1 -2
2.034892e-01 1.368292e-01 -2.872368e-01 
2
2
4 10 2 2 0 -1
5 10 1 2 0 2
haar_x2
1.552882e-05 1 0
3
5 9 8 4 0 -1
5 9 4 2 0 2
9 11 4 2 0 2
haar_x2_y2
4.030992e-04 -1 -2
1.272562e-01 -4.200250e-01 7.180120e-02 
2
2
9 8 3 1 0 -1
10 8 1 1 0 3
haar_x3
1.587598e-05 1 0
3
15 2 4 8 0 -1
15 2 2 4 0 2
17 6 2 4 0 2
haar_x2_y2
-1.138594e-02 -1 -2
1.379743e-01 1.087573e-01 -3.069359e-01 
2
2
9 8 6 8 0 -1
12 8 3 8 0 2
haar_x2
-6.131698e-02 0 1
2
15 12 3 3 0 -1
16 13 1 1 0 9
haar_point
-1.634550e-05 -1 -2
-6.799641e-01 1.706227e-01 -1.724492e-01 
2
2
17 13 2 1 0 -1
18 13 1 1 0 2
haar_x2
1.067394e-04 1 0
2
18 12 1 2 0 -1
18 13 1 1 0 2
haar_y2
1.831440e-04 -1 -2
-2.330441e-01 2.788516e-01 -1.769064e-01 
2
2
16 12 1 3 0 -1
16 13 1 1 0 3
haar_y3
4.351888e-03 1 0
2
14 13 6 7 0 -1
17 13 3 7 0 2
haar_x2
3.249688e-02 -1 -2
5.588906e-01 -1.683450e-01 2.199780e-01 
2
2
14 3 3 3 0 -1
15 4 1 1 0 9
haar_point
-1.784675e-02 0 1
2
12 6 6 7 0 -1
15 6 3 7 0 2
haar_x2
-6.670514e-04 -1 -2
5.760365e-01 5.769266e-02 -3.218096e-01 
2
2
0 3 20 15 0 -1
0 8 20 5 0 3
haar_y3
-3.518663e-01 0 1
2
10 17 3 3 0 -1
10 18 3 1 0 3
haar_y3
-5.957141e-03 -1 -2
5.305652e-01 3.501223e-01 -1.300790e-01 
2
2
10 5 1 2 0 -1
10 6 1 1 0 2
haar_y2
4.708187e-05 1 0
2
11 1 1 8 0 -1
11 1 1 4 0 2
tilted_haar_y2
-1.052296e-02 -1 -2
1.437524e-01 3.009028e-01 -2.875792e-01 
2
2
10 3 9 2 0 -1
13 6 3 2 0 3
tilted_haar_x3
4.823211e-02 1 0
2
6 9 3 1 0 -1
7 9 1 1 0 3
haar_x3
1.398752e-03 -1 -2
-4.779965e-01 1.217859e-01 -6.182595e-01 
2
2
12 7 4 8 0 -1
12 11 4 4 0 2
haar_y2
-2.396396e-03 0 1
2
14 13 3 3 0 -1
15 14 1 1 0 9
haar_point
7.713889e-03 -1 -2
9.659591e-02 -3.832114e-01 2.728447e-01 
2
3
18 6 2 14 0 -1
18 6 1 7 0 2
19 13 1 7 0 2
haar_x2_y2
-1.390114e-02 0 1
3
0 3 2 10 0 -1
0 3 1 5 0 2
1 8 1 5 0 2
haar_x2_y2
-1.576581e-02 -1 -2
4.757573e-01 6.138589e-01 -1.102954e-01 
2
2
13 5 3 3 0 -1
13 6 3 1 0 3
haar_y3
-7.529997e-03 0 1
2
11 2 1 3 0 -1
11 3 1 1 0 3
haar_y3
-5.482198e-03 -1 -2
4.349364e-01 5.984775e-01 -9.590596e-02 
2
2
2 8 2 3 0 -1
2 9 2 1 0 3
haar_y3
2.220145e-03 1 0
2
9 6 3 4 0 -1
10 6 1 4 0 3
haar_x3
-5.956791e-03 -1 -2
-3.674593e-01 -7.943274e-01 1.308309e-01 
2
2
5 16 2 1 0 -1
6 16 1 1 0 2
haar_x2
-1.464450e-04 0 1
2
3 16 9 3 0 -1
6 17 3 1 0 9
haar_point
-1.246145e-02 -1 -2
-2.559685e-01 4.102112e-01 -5.237944e-02 
2
2
8 7 2 2 0 -1
8 7 1 2 0 2
tilted_haar_x2
-1.671765e-05 0 1
2
3 0 8 6 0 -1
7 0 4 6 0 2
haar_x2
2.892810e-03 -1 -2
1.304627e-01 -4.167483e-01 1.126390e-01 
2
2
2 0 12 1 0 -1
2 0 6 1 0 2
tilted_haar_x2
1.680284e-02 1 0
2
9 8 2 4 0 -1
10 8 1 4 0 2
haar_x2
-1.730502e-03 -1 -2
1.955359e-01 1.455139e-01 -2.734788e-01 
2
2
8 9 4 3 0 -1
10 9 2 3 0 2
haar_x2
-1.518899e-02 0 1
2
16 7 4 5 0 -1
18 7 2 5 0 2
haar_x2
-9.626601e-03 -1 -2
-8.457782e-01 2.579477e-01 -9.547506e-02 
2
2
15 11 4 3 0 -1
14 12 4 1 0 3
tilted_haar_y3
-7.664818e-03 0 1
2
13 10 6 3 0 -1
15 11 2 1 0 9
haar_point
-4.163171e-03 -1 -2
2.738326e-01 1.008039e-01 -2.697063e-01 
2
2
11 10 5 3 0 -1
10 11 5 1 0 3
tilted_haar_y3
-6.169238e-03 0 1
3
6 12 6 6 0 -1
6 12 3 3 0 2
9 15 3 3 0 2
haar_x2_y2
-1.708485e-03 -1 -2
2.541079e-01 1.343500e-01 -2.839465e-01 
2
2
7 14 1 2 0 -1
7 15 1 1 0 2
haar_y2
-1.465973e-05 0 1
2
1 9 2 2 0 -1
2 9 1 2 0 2
haar_x2
1.522906e-05 -1 -2
1.475549e-01 -5.134951e-01 -2.761474e-03 
2
2
13 7 5 6 0 -1
13 10 5 3 0 2
haar_y2
-3.403477e-02 0 1
2
12 8 3 2 0 -1
13 8 1 2 0 3
haar_x3
1.154650e-03 -1 -2
-4.820857e-01 1.145253e-01 -3.359851e-01 
2
2
19 4 1 2 0 -1
19 5 1 1 0 2
haar_y2
-5.137903e-04 1 0
2
17 3 3 3 0 -1
18 4 1 1 0 9
haar_point
-1.009512e-02 -1 -2
1.133592e-01 3.918020e-01 -3.701641e-01 
2
2
15 9 5 3 0 -1
15 10 5 1 0 3
haar_y3
-3.454118e-03 0 1
2
4 10 4 4 0 -1
4 10 4 2 0 2
tilted_haar_y2
-1.836800e-02 -1 -2
2.482706e-01 1.943132e-01 -2.167714e-01 
2
2
13 9 2 1 0 -1
14 9 1 1 0 2
haar_x2
-1.552882e-05 0 1
2
14 8 2 3 0 -1
14 9 2 1 0 3
haar_y3
4.329489e-03 -1 -2
1.170280e-01 -4.126017e-01 2.677718e-01 
2
2
2 15 2 1 0 -1
3 15 1 1 0 2
haar_x2
-2.122620e-04 1 0
2
0 15 2 2 0 -1
1 15 1 2 0 2
haar_x2
-1.985416e-04 -1 -2
1.042654e-01 -5.212550e-01 6.145698e-02 
2
2
0 8 20 9 0 -1
0 11 20 3 0 3
haar_y3
1.310378e-01 1 0
2
18 9 1 2 0 -1
18 10 1 1 0 2
haar_y2
-2.153706e-04 -1 -2
-5.566282e-01 -1.631395e-01 1.784045e-01 
2
2
1 5 18 9 0 -1
10 5 9 9 0 2
haar_x2
1.731104e-01 1 0
2
0 1 1 4 0 -1
0 3 1 2 0 2
haar_y2
9.267868e-04 -1 -2
-7.365504e-01 1.205049e-01 -2.398453e-01 
2
2
8 5 1 2 0 -1
8 6 1 1 0 2
haar_y2
6.836303e-05 1 0
3
7 4 6 2 0 -1
7 4 3 1 0 2
10 5 3 1 0 2
haar_x2_y2
-7.158938e-03 -1 -2
1.161608e-01 4.317610e-01 -2.558798e-01 
-1.528030e+00

9
-1
