34
2
2
0 14 20 6 0 -1
0 17 20 3 0 2
haar_y2
2.641108e-02 0 1
2
0 0 19 8 0 -1
0 4 19 4 0 2
haar_y2
-6.870627e-02 -1 -2
-3.025952e-01 4.604584e-01 -1.278081e-01 
2
2
10 9 2 1 0 -1
11 9 1 1 0 2
haar_x2
-1.472484e-05 1 0
2
9 8 3 3 0 -1
10 8 1 3 0 3
haar_x3
2.349141e-03 -1 -2
-3.366637e-01 2.767434e-01 -4.746832e-01 
2
2
18 1 2 18 0 -1
19 1 1 18 0 2
haar_x2
1.113592e-02 1 0
3
18 2 2 10 0 -1
18 2 1 5 0 2
19 7 1 5 0 2
haar_x2_y2
-5.649663e-03 -1 -2
2.871602e-01 2.868191e-01 -2.772232e-01 
2
2
2 8 2 1 0 -1
3 8 1 1 0 2
haar_x2
1.495371e-05 0 1
2
5 3 2 10 0 -1
6 3 1 10 0 2
haar_x2
8.331476e-03 -1 -2
-2.988200e-01 1.897807e-01 -5.636705e-01 
2
2
12 3 3 3 0 -1
12 4 3 1 0 3
haar_y3
9.701450e-03 1 0
2
4 13 3 4 0 -1
3 14 3 2 0 2
tilted_haar_y4
-1.821551e-02 -1 -2
6.161274e-01 3.094682e-01 -1.599828e-01 
2
2
5 9 5 3 0 -1
5 10 5 1 0 3
haar_y3
-5.281508e-03 0 1
2
14 4 1 3 0 -1
14 5 1 1 0 3
haar_y3
3.690376e-03 -1 -2
-6.184188e-01 2.691735e-03 6.422489e-01 
2
2
1 7 3 3 0 -1
2 7 1 3 0 3
haar_x3
1.755529e-05 1 0
2
2 6 2 1 0 -1
2 6 1 1 0 2
tilted_haar_x2
9.209195e-03 -1 -2
1.715298e-01 -2.525355e-01 5.251603e-01 
2
2
5 8 2 1 0 -1
6 8 1 1 0 2
haar_x2
1.465708e-05 1 0
2
4 5 2 1 0 -1
4 5 1 1 0 2
tilted_haar_x2
-1.661097e-05 -1 -2
1.633014e-01 -2.158318e-03 -4.646854e-01 
2
2
12 5 5 6 0 -1
12 5 5 3 0 2
tilted_haar_y2
-6.384280e-02 0 1
2
13 7 6 3 0 -1
13 8 6 1 0 3
haar_y3
-3.752189e-03 -1 -2
-7.012934e-01 3.483171e-01 -7.473720e-02 
2
2
13 10 2 1 0 -1
14 10 1 1 0 2
haar_x2
-1.666116e-05 0 1
2
15 8 3 3 0 -1
16 9 1 1 0 9
haar_point
-2.317734e-03 -1 -2
1.355151e-01 1.470723e-01 -4.810673e-01 
2
2
0 16 20 2 0 -1
5 16 10 2 0 2
haar_x4
-6.096182e-02 0 1
2
14 9 6 2 0 -1
17 9 3 2 0 2
haar_x2
-3.321683e-03 -1 -2
3.799602e-01 9.934044e-02 -2.959839e-01 
2
2
18 6 2 6 0 -1
18 6 2 3 0 2
tilted_haar_y2
-4.314735e-02 0 1
2
17 3 3 3 0 -1
16 4 3 1 0 3
tilted_haar_y3
-1.409218e-02 -1 -2
-7.084742e-01 4.772102e-01 -3.434452e-02 
2
2
10 2 2 3 0 -1
10 3 2 1 0 3
haar_y3
7.230046e-03 1 0
2
2 16 1 2 0 -1
2 17 1 1 0 2
haar_y2
1.193049e-04 -1 -2
6.048732e-01 9.683188e-02 -2.621769e-01 
2
2
2 11 10 8 0 -1
2 15 10 4 0 2
haar_y2
1.349353e-01 1 0
2
4 14 1 2 0 -1
4 15 1 1 0 2
haar_y2
1.610319e-04 -1 -2
5.204169e-01 5.305458e-02 -3.661581e-01 
2
2
0 6 3 1 0 -1
1 6 1 1 0 3
haar_x3
-3.768931e-03 0 1
2
9 12 1 6 0 -1
7 14 1 2 0 3
tilted_haar_y3
-8.130129e-03 -1 -2
4.795694e-01 1.630240e-01 -2.042062e-01 
2
2
11 10 2 1 0 -1
12 10 1 1 0 2
haar_x2
-3.689936e-05 1 0
2
9 6 8 6 0 -1
9 9 8 3 0 2
haar_y2
-3.236818e-02 -1 -2
-2.770011e-01 -3.868615e-01 2.072005e-01 
2
2
14 5 1 3 0 -1
14 6 1 1 0 3
haar_y3
4.306396e-03 1 0
2
15 10 3 3 0 -1
16 11 1 1 0 9
haar_point
1.741802e-02 -1 -2
5.940543e-01 -9.505108e-02 5.842099e-01 
2
2
14 10 5 3 0 -1
14 11 5 1 0 3
haar_y3
-1.270241e-03 0 1
3
18 10 2 2 0 -1
18 10 1 1 0 2
19 11 1 1 0 2
haar_x2_y2
-2.601744e-03 -1 -2
2.256204e-01 6.094379e-01 -2.157537e-01 
2
2
6 9 3 3 0 -1
7 10 1 1 0 9
haar_point
8.356912e-03 1 0
2
9 8 4 1 0 -1
10 9 2 1 0 2
tilted_haar_x4
7.261906e-03 -1 -2
-5.874590e-01 1.228212e-01 -6.501467e-01 
2
2
8 7 4 1 0 -1
9 8 2 1 0 2
tilted_haar_x4
1.477084e-03 1 0
2
1 2 12 1 0 -1
4 5 6 1 0 2
tilted_haar_x4
-6.851575e-03 -1 -2
1.352437e-01 1.812465e-01 -4.098484e-01 
2
2
2 4 1 2 0 -1
2 5 1 1 0 2
haar_y2
-1.496870e-04 0 1
2
1 0 4 10 0 -1
1 5 4 5 0 2
haar_y2
-2.137175e-02 -1 -2
-2.453673e-01 4.775300e-01 4.413042e-03 
2
2
3 11 2 1 0 -1
4 11 1 1 0 2
haar_x2
1.472484e-05 1 0
3
4 5 16 10 0 -1
4 5 8 5 0 2
12 10 8 5 0 2
haar_x2_y2
1.141987e-01 -1 -2
1.567667e-01 -3.037844e-01 4.281296e-01 
2
2
11 8 8 6 0 -1
11 11 8 3 0 2
haar_y2
-5.608824e-03 1 0
2
14 8 4 3 0 -1
14 9 4 1 0 3
haar_y3
-3.897478e-03 -1 -2
-2.469956e-01 5.393747e-01 2.967311e-02 
2
2
15 9 3 3 0 -1
16 10 1 1 0 9
haar_point
-1.719372e-03 1 0
2
13 16 1 2 0 -1
13 17 1 1 0 2
haar_y2
4.147193e-04 -1 -2
-1.501920e-01 3.970324e-01 -1.872473e-01 
2
2
13 7 1 2 0 -1
13 7 1 1 0 2
tilted_haar_y2
-3.737624e-03 0 1
2
2 11 8 2 0 -1
4 11 4 2 0 2
haar_x4
-3.250252e-03 -1 -2
-5.269468e-01 3.425079e-01 -4.812300e-02 
2
3
9 17 4 2 0 -1
9 17 2 1 0 2
11 18 2 1 0 2
haar_x2_y2
6.179556e-03 1 0
2
14 13 1 3 0 -1
14 14 1 1 0 3
haar_y3
3.433125e-03 -1 -2
7.205029e-01 -8.966338e-02 4.676594e-01 
2
2
12 9 2 2 0 -1
13 9 1 2 0 2
haar_x2
-1.498088e-05 1 0
2
6 5 12 12 0 -1
12 5 6 12 0 2
haar_x2
-2.353423e-01 -1 -2
-3.005532e-01 -6.002825e-01 1.756061e-01 
2
3
7 1 8 6 0 -1
7 1 4 3 0 2
11 4 4 3 0 2
haar_x2_y2
-1.264887e-02 0 1
2
11 11 9 6 0 -1
14 13 3 2 0 9
haar_point
-2.248159e-02 -1 -2
2.428316e-01 9.135165e-02 -3.059892e-01 
2
2
6 7 3 4 0 -1
7 7 1 4 0 3
haar_x3
-2.702247e-03 0 1
2
14 12 1 3 0 -1
13 13 1 1 0 3
tilted_haar_y3
-9.356104e-04 -1 -2
-4.986172e-01 2.734357e-01 -8.697534e-02 
2
2
8 13 4 5 0 -1
9 13 2 5 0 2
haar_x4
-4.513195e-04 1 0
2
10 14 1 2 0 -1
10 15 1 1 0 2
haar_y2
-4.276208e-05 -1 -2
-1.632189e-01 3.925683e-01 -1.474241e-01 
2
2
3 0 3 1 0 -1
4 0 1 1 0 3
haar_x3
3.110822e-04 1 0
3
0 8 2 8 0 -1
0 8 1 4 0 2
1 12 1 4 0 2
haar_x2_y2
-9.136301e-03 -1 -2
-2.652518e-01 6.444261e-01 4.829349e-02 
2
2
3 9 2 1 0 -1
3 9 1 1 0 2
tilted_haar_x2
1.202116e-03 1 0
3
3 9 6 4 0 -1
3 9 3 2 0 2
6 11 3 2 0 2
haar_x2_y2
8.886957e-04 -1 -2
-2.899303e-01 -2.929303e-02 3.713854e-01 
2
2
3 2 3 3 0 -1
4 3 1 3 0 3
tilted_haar_x3
9.316403e-03 1 0
2
4 10 5 4 0 -1
3 11 5 2 0 2
tilted_haar_y4
1.650137e-02 -1 -2
3.942624e-01 -1.322614e-01 4.457704e-01 
2
2
11 10 3 1 0 -1
12 11 1 1 0 3
tilted_haar_x3
2.299006e-03 1 0
2
19 8 1 2 0 -1
19 9 1 1 0 2
haar_y2
-2.491215e-04 -1 -2
-4.285605e-01 -1.814287e-01 2.227323e-01 
-1.624921e+00

7
-1
