42
2
2
0 4 2 13 0 -1
1 4 1 13 0 2
haar_x2
-3.296480e-03 1 0
2
15 0 5 20 0 -1
15 5 5 10 0 2
haar_y4
-5.201273e-02 -1 -2
-2.325541e-01 4.502519e-01 -1.698525e-01 
2
2
11 6 1 6 0 -1
9 8 1 2 0 3
tilted_haar_y3
9.996616e-04 0 1
2
9 10 7 3 0 -1
8 11 7 1 0 3
tilted_haar_y3
-1.157538e-02 -1 -2
-3.206206e-01 4.436668e-01 -7.426798e-03 
2
2
6 8 2 1 0 -1
7 8 1 1 0 2
haar_x2
1.217650e-03 1 0
2
14 6 3 3 0 -1
14 7 3 1 0 3
haar_y3
6.786160e-03 -1 -2
-5.374524e-01 -4.030325e-02 4.936624e-01 
2
2
16 3 1 2 0 -1
16 4 1 1 0 2
haar_y2
-2.062491e-04 0 1
3
13 1 6 6 0 -1
13 1 3 3 0 2
16 4 3 3 0 2
haar_x2_y2
-1.064887e-02 -1 -2
-2.287170e-01 4.744406e-01 -3.498100e-02 
2
3
18 8 2 8 0 -1
18 8 1 4 0 2
19 12 1 4 0 2
haar_x2_y2
1.368942e-02 1 0
2
3 10 3 1 0 -1
4 10 1 1 0 3
haar_x3
-6.593539e-04 -1 -2
5.985192e-01 -3.620346e-01 3.892768e-02 
2
3
18 8 2 6 0 -1
18 8 1 3 0 2
19 11 1 3 0 2
haar_x2_y2
-3.408080e-03 0 1
2
19 8 1 2 0 -1
19 9 1 1 0 2
haar_y2
2.465306e-04 -1 -2
3.113784e-01 3.129624e-02 -3.473874e-01 
2
2
8 9 12 5 0 -1
14 9 6 5 0 2
haar_x2
-1.079244e-01 0 1
2
12 9 2 2 0 -1
12 9 1 2 0 2
tilted_haar_x2
1.859355e-05 -1 -2
-5.349391e-01 -3.592537e-01 1.183910e-01 
2
2
9 13 4 3 0 -1
8 14 4 1 0 3
tilted_haar_y3
-4.421028e-03 0 1
2
17 8 1 12 0 -1
17 12 1 4 0 3
haar_y3
-6.638708e-03 -1 -2
1.991403e-01 8.844898e-02 -3.059915e-01 
2
2
16 7 1 8 0 -1
16 7 1 4 0 2
tilted_haar_y2
2.196547e-02 1 0
2
11 8 3 3 0 -1
12 8 1 3 0 3
haar_x3
-1.875921e-03 -1 -2
-4.777346e-01 -3.522963e-01 1.166026e-01 
2
2
16 15 1 2 0 -1
16 16 1 1 0 2
haar_y2
1.431321e-04 0 1
2
16 15 3 1 0 -1
17 16 1 1 0 3
tilted_haar_x3
8.815574e-03 -1 -2
1.214674e-01 -3.115196e-01 3.113498e-01 
2
2
15 9 1 3 0 -1
15 10 1 1 0 3
haar_y3
-1.888341e-03 0 1
2
13 10 3 3 0 -1
14 11 1 1 0 9
haar_point
-1.712475e-03 -1 -2
3.442115e-01 1.640706e-01 -2.122631e-01 
2
2
4 10 6 1 0 -1
7 10 3 1 0 2
haar_x2
-3.857166e-03 0 1
2
7 8 3 3 0 -1
8 9 1 1 0 9
haar_point
-7.396454e-03 -1 -2
-5.654790e-01 -7.897644e-01 7.053570e-02 
2
3
18 6 2 6 0 -1
18 6 1 3 0 2
19 9 1 3 0 2
haar_x2_y2
9.094482e-03 1 0
2
18 10 2 1 0 -1
19 10 1 1 0 2
haar_x2
7.452963e-05 -1 -2
5.342125e-01 5.771029e-02 -2.787130e-01 
2
3
9 9 8 2 0 -1
9 9 4 1 0 2
13 10 4 1 0 2
haar_x2_y2
2.914674e-03 1 0
2
0 1 12 19 0 -1
3 1 6 19 0 2
haar_x4
-6.072306e-02 -1 -2
2.720251e-01 1.800175e-01 -1.961271e-01 
2
2
13 5 6 4 0 -1
15 7 2 4 0 3
tilted_haar_x3
-2.217429e-02 0 1
2
2 14 2 1 0 -1
3 14 1 1 0 2
haar_x2
-7.324213e-05 -1 -2
-3.711693e-01 -1.583731e-01 1.917624e-01 
2
3
1 13 2 2 0 -1
1 13 1 1 0 2
2 14 1 1 0 2
haar_x2_y2
2.969920e-03 1 0
3
15 13 2 2 0 -1
15 13 1 1 0 2
16 14 1 1 0 2
haar_x2_y2
-1.386016e-03 -1 -2
7.488190e-01 3.360704e-01 -9.580313e-02 
2
2
4 3 3 4 0 -1
3 4 3 2 0 2
tilted_haar_y4
1.601338e-02 1 0
2
10 6 1 4 0 -1
10 7 1 2 0 2
haar_y4
4.081519e-05 -1 -2
-4.586074e-01 -1.217708e-01 1.999556e-01 
2
2
0 1 2 2 0 -1
0 2 2 1 0 2
haar_y2
1.205394e-03 1 0
3
7 2 10 2 0 -1
7 2 5 1 0 2
12 3 5 1 0 2
haar_x2_y2
-9.997426e-03 -1 -2
-3.057168e-01 4.828923e-01 1.569425e-03 
2
2
9 4 1 2 0 -1
9 5 1 1 0 2
haar_y2
1.692230e-05 1 0
2
1 8 2 4 0 -1
2 8 1 4 0 2
haar_x2
1.388820e-04 -1 -2
1.429430e-01 -4.577811e-01 4.188663e-02 
2
2
1 7 12 1 0 -1
4 10 6 1 0 2
tilted_haar_x4
-1.134999e-02 0 1
2
7 14 3 2 0 -1
7 14 3 1 0 2
tilted_haar_y2
6.459531e-03 -1 -2
1.966882e-01 -2.556407e-01 2.281864e-01 
2
2
0 17 1 2 0 -1
0 18 1 1 0 2
haar_y2
7.464755e-04 1 0
2
10 3 10 8 0 -1
10 7 10 4 0 2
haar_y2
6.636959e-02 -1 -2
-2.522764e-01 1.524485e-01 -2.860398e-01 
2
2
4 11 8 6 0 -1
4 14 8 3 0 2
haar_y2
-1.507637e-02 0 1
2
2 2 18 18 0 -1
8 8 6 6 0 9
haar_point
-2.954395e-01 -1 -2
1.289054e-01 9.122642e-02 -4.184677e-01 
2
3
13 9 4 2 0 -1
13 9 2 1 0 2
15 10 2 1 0 2
haar_x2_y2
-7.626032e-04 0 1
2
16 10 3 3 0 -1
17 11 1 1 0 9
haar_point
-2.205464e-03 -1 -2
2.035917e-01 1.387999e-01 -2.475182e-01 
2
2
0 12 20 7 0 -1
10 12 10 7 0 2
haar_x2
1.577446e-01 1 0
2
14 8 4 7 0 -1
15 9 2 7 0 2
tilted_haar_x4
-3.647494e-02 -1 -2
-4.099306e-01 -6.976600e-01 9.602207e-02 
2
2
14 8 4 6 0 -1
14 8 2 6 0 2
tilted_haar_x2
5.908930e-02 1 0
2
1 7 2 1 0 -1
1 7 1 1 0 2
tilted_haar_x2
-3.558667e-04 -1 -2
-4.949687e-01 2.296269e-01 -8.959356e-02 
2
2
8 8 6 3 0 -1
11 8 3 3 0 2
haar_x2
7.284139e-03 1 0
2
11 8 3 12 0 -1
12 8 1 12 0 3
haar_x3
-1.792187e-04 -1 -2
6.416550e-01 1.099365e-01 -1.945940e-01 
2
2
15 13 2 3 0 -1
14 14 2 1 0 3
tilted_haar_y3
-5.732686e-03 0 1
3
18 6 2 4 0 -1
18 6 1 2 0 2
19 8 1 2 0 2
haar_x2_y2
-3.703696e-03 -1 -2
2.893309e-01 3.154381e-01 -1.399360e-01 
2
2
8 14 6 4 0 -1
10 14 2 4 0 3
haar_x3
-2.315268e-03 1 0
2
11 12 4 2 0 -1
13 12 2 2 0 2
haar_x2
2.185088e-04 -1 -2
-1.159538e-01 3.440527e-01 -1.408503e-01 
2
2
10 18 1 2 0 -1
10 19 1 1 0 2
haar_y2
1.260927e-04 0 1
2
10 17 1 3 0 -1
10 18 1 1 0 3
haar_y3
-4.314094e-03 -1 -2
1.339360e-01 2.771689e-01 -2.715838e-01 
2
2
4 0 16 3 0 -1
8 4 8 3 0 2
tilted_haar_x4
-1.059560e-01 0 1
2
4 0 6 3 0 -1
6 2 2 3 0 3
tilted_haar_x3
-1.583060e-02 -1 -2
3.305027e-01 1.398832e-01 -2.060295e-01 
2
2
3 3 1 2 0 -1
3 4 1 1 0 2
haar_y2
-1.988655e-04 0 1
2
11 3 1 4 0 -1
11 4 1 2 0 2
haar_y4
-5.668538e-04 -1 -2
-2.181896e-01 3.610501e-01 -2.620390e-02 
2
2
2 9 2 2 0 -1
3 9 1 2 0 2
haar_x2
1.601060e-05 1 0
2
5 10 2 1 0 -1
6 10 1 1 0 2
haar_x2
6.162731e-05 -1 -2
1.184653e-01 -5.980944e-01 -6.651211e-03 
2
2
17 12 2 2 0 -1
17 13 2 1 0 2
haar_y2
1.202442e-04 1 0
2
19 12 1 2 0 -1
19 13 1 1 0 2
haar_y2
-2.105779e-04 -1 -2
-2.052977e-01 -1.572201e-01 3.174400e-01 
2
2
17 11 1 3 0 -1
17 12 1 1 0 3
haar_y3
-4.203079e-03 0 1
2
3 5 4 4 0 -1
3 7 4 2 0 2
haar_y2
1.370251e-02 -1 -2
4.806409e-01 3.007886e-02 -4.308385e-01 
2
2
13 7 1 2 0 -1
13 8 1 1 0 2
haar_y2
4.687218e-04 0 1
2
12 4 5 8 0 -1
12 8 5 4 0 2
haar_y2
5.774556e-02 -1 -2
-9.780400e-02 3.245230e-01 -5.168257e-01 
2
2
3 3 3 3 0 -1
4 4 1 3 0 3
tilted_haar_x3
-7.962581e-03 0 1
2
4 1 3 4 0 -1
5 2 1 4 0 3
tilted_haar_x3
8.211063e-03 -1 -2
2.680895e-01 -1.889007e-01 2.549370e-01 
2
2
3 13 1 2 0 -1
3 14 1 1 0 2
haar_y2
-6.247345e-05 1 0
2
13 11 2 3 0 -1
12 12 2 1 0 3
tilted_haar_y3
-2.289751e-03 -1 -2
-1.784110e-01 4.142922e-01 -2.321380e-02 
2
3
5 0 10 2 0 -1
5 0 5 1 0 2
10 1 5 1 0 2
haar_x2_y2
-1.679525e-02 0 1
2
12 0 4 1 0 -1
14 0 2 1 0 2
haar_x2
-8.975617e-04 -1 -2
6.008064e-01 -2.828844e-01 7.350408e-02 
2
3
4 11 8 8 0 -1
4 11 4 4 0 2
8 15 4 4 0 2
haar_x2_y2
-1.948557e-02 0 1
2
12 8 3 4 0 -1
13 8 1 4 0 3
haar_x3
2.777968e-04 -1 -2
2.481102e-01 3.980838e-02 -3.638753e-01 
2
2
3 0 2 1 0 -1
4 0 1 1 0 2
haar_x2
-1.508705e-04 0 1
2
13 9 4 1 0 -1
14 9 2 1 0 2
haar_x4
-9.538840e-05 -1 -2
-2.184359e-01 2.800467e-01 -7.240560e-02 
2
2
8 7 3 6 0 -1
9 7 1 6 0 3
haar_x3
6.499405e-03 1 0
2
6 0 3 3 0 -1
7 1 1 1 0 9
haar_point
-1.743078e-02 -1 -2
-5.168979e-01 5.852247e-01 -1.957743e-03 
2
2
9 7 4 1 0 -1
9 7 2 1 0 2
tilted_haar_x2
4.435607e-05 1 0
2
12 10 4 1 0 -1
14 10 2 1 0 2
haar_x2
-6.317916e-04 -1 -2
1.014613e-01 1.885941e-02 -5.999253e-01 
-1.449732e+00

12
-1
