17
2
2
5 9 8 2 0 -1
7 9 4 2 0 2
haar_x4
1.370397e-03 0 1
2
8 10 4 4 0 -1
8 12 4 2 0 2
haar_y2
-1.475659e-03 -1 -2
-4.810751e-01 4.518218e-01 -4.850424e-01 
2
2
2 0 16 4 0 -1
2 2 16 2 0 2
haar_y2
-2.207032e-02 0 1
3
0 7 2 10 0 -1
0 7 1 5 0 2
1 12 1 5 0 2
haar_x2_y2
-5.351421e-03 -1 -2
4.390026e-01 3.447961e-01 -4.500368e-01 
2
2
19 2 1 18 0 -1
19 8 1 6 0 3
haar_y3
-2.647673e-02 0 1
2
14 11 6 3 0 -1
16 12 2 1 0 9
haar_point
-1.365740e-02 -1 -2
4.387678e-01 1.998711e-01 -4.174915e-01 
2
2
3 13 9 2 0 -1
3 14 9 1 0 2
haar_y2
-1.439886e-03 1 0
2
3 10 2 1 0 -1
4 10 1 1 0 2
haar_x2
1.864464e-05 -1 -2
-3.529201e-01 -1.121442e-01 4.607217e-01 
2
3
0 6 2 8 0 -1
0 6 1 4 0 2
1 10 1 4 0 2
haar_x2_y2
6.298267e-03 1 0
3
11 4 4 2 0 -1
11 4 2 1 0 2
13 5 2 1 0 2
haar_x2_y2
2.725793e-03 -1 -2
6.006445e-01 -2.126940e-01 5.501706e-01 
2
3
11 4 6 2 0 -1
11 4 3 1 0 2
14 5 3 1 0 2
haar_x2_y2
-4.170862e-03 0 1
3
14 8 4 2 0 -1
14 8 2 1 0 2
16 9 2 1 0 2
haar_x2_y2
2.909057e-03 -1 -2
5.983317e-01 -1.991637e-01 6.056810e-01 
2
2
7 5 4 5 0 -1
7 5 2 5 0 2
tilted_haar_x2
-2.084443e-02 0 1
2
0 8 20 3 0 -1
10 8 10 3 0 2
haar_x2
-9.690113e-02 -1 -2
-4.198336e-01 -4.683733e-01 2.721325e-01 
2
2
3 13 4 3 0 -1
2 14 4 1 0 3
tilted_haar_y3
-1.460060e-02 0 1
2
2 11 6 2 0 -1
2 11 6 1 0 2
tilted_haar_y2
-2.176783e-02 -1 -2
5.639105e-01 5.756416e-01 -2.153483e-01 
2
2
1 10 2 1 0 -1
2 10 1 1 0 2
haar_x2
1.522906e-05 0 1
2
0 0 4 1 0 -1
2 0 2 1 0 2
haar_x2
4.378809e-04 -1 -2
-2.742863e-01 4.542740e-01 -1.220308e-01 
2
2
12 9 2 2 0 -1
12 9 1 2 0 2
tilted_haar_x2
3.279242e-04 0 1
2
0 8 20 6 0 -1
0 11 20 3 0 2
haar_y2
-1.680727e-01 -1 -2
-4.403443e-01 -7.851396e-01 2.183603e-01 
2
3
10 0 8 4 0 -1
10 0 4 2 0 2
14 2 4 2 0 2
haar_x2_y2
-1.331318e-02 0 1
3
6 3 8 2 0 -1
6 3 4 1 0 2
10 4 4 1 0 2
haar_x2_y2
3.440556e-03 -1 -2
4.988431e-01 -2.472500e-01 3.795006e-01 
2
3
13 14 4 2 0 -1
13 14 2 1 0 2
15 15 2 1 0 2
haar_x2_y2
4.333156e-03 1 0
2
12 9 3 6 0 -1
12 12 3 3 0 2
haar_y2
-4.220043e-03 -1 -2
6.982391e-01 1.700131e-01 -3.342827e-01 
2
2
0 14 12 1 0 -1
4 14 4 1 0 3
haar_x3
-7.436929e-03 0 1
3
14 6 4 2 0 -1
14 6 2 1 0 2
16 7 2 1 0 2
haar_x2_y2
3.827538e-03 -1 -2
3.672356e-01 -2.177323e-01 6.324798e-01 
2
2
4 11 2 1 0 -1
5 11 1 1 0 2
haar_x2
1.587598e-05 1 0
3
14 8 4 2 0 -1
14 8 2 1 0 2
16 9 2 1 0 2
haar_x2_y2
-1.875638e-03 -1 -2
2.208605e-01 4.223952e-01 -3.632007e-01 
2
2
13 15 1 2 0 -1
13 16 1 1 0 2
haar_y2
6.429601e-05 1 0
3
6 1 6 6 0 -1
6 1 3 3 0 2
9 4 3 3 0 2
haar_x2_y2
-5.774065e-03 -1 -2
-2.870220e-01 6.060022e-01 9.203014e-03 
2
2
7 8 1 3 0 -1
7 9 1 1 0 3
haar_y3
1.656933e-05 0 1
2
10 7 3 6 0 -1
11 9 1 2 0 9
haar_point
2.112035e-02 -1 -2
-2.404605e-01 3.202974e-01 -5.811580e-01 
2
2
13 4 2 3 0 -1
13 5 2 1 0 3
haar_y3
-5.742873e-03 0 1
3
18 10 2 2 0 -1
18 10 1 1 0 2
19 11 1 1 0 2
haar_x2_y2
-2.271885e-03 -1 -2
5.479440e-01 6.870366e-01 -1.652247e-01 
-1.753852e+00

2
-1
