39
2
2
0 2 4 17 0 -1
2 2 2 17 0 2
haar_x2
-3.616107e-02 0 1
2
8 9 4 2 0 -1
10 9 2 2 0 2
haar_x2
-2.820389e-03 -1 -2
3.479504e-01 1.048153e-01 -3.379653e-01 
2
2
2 9 2 1 0 -1
2 9 1 1 0 2
tilted_haar_x2
7.175832e-04 1 0
2
16 0 4 20 0 -1
16 5 4 10 0 2
haar_y4
-8.083694e-02 -1 -2
-2.995452e-01 3.421910e-01 -6.685474e-02 
2
2
13 8 1 6 0 -1
11 10 1 2 0 3
tilted_haar_y3
2.387934e-03 0 1
2
10 7 1 4 0 -1
10 8 1 2 0 2
haar_y4
1.689952e-05 -1 -2
-2.856909e-01 -2.195484e-01 3.088241e-01 
2
2
16 16 2 1 0 -1
17 16 1 1 0 2
haar_x2
2.702560e-04 1 0
2
16 16 2 1 0 -1
17 16 1 1 0 2
haar_x2
-1.174393e-04 -1 -2
-2.592773e-01 -1.303789e-01 4.191067e-01 
2
2
10 8 3 2 0 -1
11 8 1 2 0 3
haar_x3
-2.579578e-03 0 1
3
18 3 2 10 0 -1
18 3 1 5 0 2
19 8 1 5 0 2
haar_x2_y2
-6.715596e-03 -1 -2
-7.071032e-01 3.692442e-01 -4.240340e-02 
2
2
17 9 3 9 0 -1
18 9 1 9 0 3
haar_x3
-6.398357e-03 0 1
2
16 14 3 3 0 -1
17 15 1 1 0 9
haar_point
-1.063777e-02 -1 -2
2.660740e-01 3.157384e-01 -2.119566e-01 
2
2
18 3 1 16 0 -1
18 3 1 8 0 2
tilted_haar_y2
5.293675e-02 1 0
2
5 14 1 2 0 -1
5 15 1 1 0 2
haar_y2
8.200617e-05 -1 -2
-5.304097e-01 1.944843e-01 -1.962724e-01 
2
2
10 10 3 3 0 -1
9 11 3 1 0 3
tilted_haar_y3
-1.726003e-03 1 0
2
11 13 1 2 0 -1
11 14 1 1 0 2
haar_y2
1.392145e-04 -1 -2
-1.546810e-01 3.632583e-01 -1.577639e-01 
2
2
12 9 3 3 0 -1
13 9 1 3 0 3
haar_x3
8.728996e-04 1 0
2
5 8 9 3 0 -1
8 9 3 1 0 9
haar_point
4.385463e-02 -1 -2
-3.047550e-01 1.508490e-01 -5.689899e-01 
2
2
2 13 9 3 0 -1
5 14 3 1 0 9
haar_point
-1.371725e-02 0 1
2
15 11 3 6 0 -1
16 13 1 2 0 9
haar_point
-1.538607e-02 -1 -2
2.285499e-01 1.683118e-01 -2.560771e-01 
2
2
3 15 2 1 0 -1
4 15 1 1 0 2
haar_x2
-1.248185e-04 1 0
2
0 16 4 4 0 -1
2 16 2 4 0 2
haar_x2
-2.626014e-03 -1 -2
1.329757e-01 -5.226414e-01 -2.797322e-03 
2
2
14 6 2 3 0 -1
14 7 2 1 0 3
haar_y3
-4.148453e-03 0 1
2
4 10 6 4 0 -1
3 11 6 2 0 2
tilted_haar_y4
-2.061148e-02 -1 -2
3.950838e-01 2.279418e-01 -1.803132e-01 
2
2
11 7 1 3 0 -1
10 8 1 1 0 3
tilted_haar_y3
-2.867861e-03 0 1
2
2 15 1 2 0 -1
2 16 1 1 0 2
haar_y2
1.452971e-04 -1 -2
-6.413488e-01 1.876179e-01 -1.702169e-01 
2
2
8 11 1 8 0 -1
8 11 1 4 0 2
tilted_haar_y2
-9.551628e-03 1 0
2
0 9 7 4 0 -1
0 10 7 2 0 2
haar_y4
1.354989e-02 -1 -2
-1.573543e-01 2.463770e-01 -6.121172e-01 
2
2
1 13 2 1 0 -1
2 13 1 1 0 2
haar_x2
-1.043514e-04 1 0
2
0 13 3 3 0 -1
1 14 1 1 0 9
haar_point
1.379875e-02 -1 -2
1.398447e-01 -3.588061e-01 3.476709e-01 
2
2
14 11 3 3 0 -1
14 12 3 1 0 3
haar_y3
-4.743801e-03 0 1
2
14 10 3 3 0 -1
15 11 1 1 0 9
haar_point
-2.516253e-03 -1 -2
3.099844e-01 1.619928e-01 -2.268976e-01 
2
2
19 10 1 2 0 -1
19 11 1 1 0 2
haar_y2
1.354991e-04 1 0
2
19 10 1 2 0 -1
19 11 1 1 0 2
haar_y2
-1.719825e-04 -1 -2
-2.258046e-01 -9.607520e-02 3.882355e-01 
2
2
7 0 2 3 0 -1
7 1 2 1 0 3
haar_y3
-7.802763e-03 0 1
3
10 3 6 2 0 -1
10 3 3 1 0 2
13 4 3 1 0 2
haar_x2_y2
2.887909e-03 -1 -2
4.789290e-01 -1.438172e-01 2.815618e-01 
2
2
6 7 3 4 0 -1
7 7 1 4 0 3
haar_x3
-2.124655e-03 0 1
3
17 11 2 2 0 -1
17 11 1 1 0 2
18 12 1 1 0 2
haar_x2_y2
-1.451883e-03 -1 -2
-4.449862e-01 5.146809e-01 1.411622e-04 
2
2
6 7 3 6 0 -1
7 7 1 6 0 3
haar_x3
5.347647e-03 1 0
2
16 12 1 3 0 -1
15 13 1 1 0 3
tilted_haar_y3
-3.820404e-03 -1 -2
-5.210333e-01 3.790262e-01 -3.067367e-02 
2
2
6 16 1 2 0 -1
6 17 1 1 0 2
haar_y2
9.957642e-05 1 0
2
7 0 2 7 0 -1
7 0 1 7 0 2
tilted_haar_x2
1.115637e-02 -1 -2
-1.960694e-01 -4.203071e-03 3.995898e-01 
2
2
18 7 2 6 0 -1
18 7 2 3 0 2
tilted_haar_y2
1.745698e-02 1 0
2
10 6 10 11 0 -1
15 6 5 11 0 2
haar_x2
-1.638616e-01 -1 -2
-3.096440e-01 -5.314032e-01 1.362040e-01 
2
2
5 4 2 1 0 -1
5 4 1 1 0 2
tilted_haar_x2
-1.601060e-05 1 0
2
0 4 1 2 0 -1
0 5 1 1 0 2
haar_y2
2.609766e-04 -1 -2
-1.926028e-01 2.933407e-01 -1.866770e-01 
2
2
15 15 1 2 0 -1
15 16 1 1 0 2
haar_y2
9.986361e-05 1 0
2
11 12 9 8 0 -1
11 16 9 4 0 2
haar_y2
-9.010146e-02 -1 -2
-1.860538e-01 -4.655291e-01 2.221184e-01 
2
2
10 9 3 3 0 -1
11 9 1 3 0 3
haar_x3
2.516664e-03 1 0
2
16 3 3 9 0 -1
17 4 1 9 0 3
tilted_haar_x3
-5.200957e-03 -1 -2
-5.242640e-01 2.803314e-01 -6.262245e-02 
2
2
15 15 3 3 0 -1
16 16 1 1 0 9
haar_point
1.800559e-02 1 0
2
7 9 6 3 0 -1
9 10 2 1 0 9
haar_point
1.441348e-03 -1 -2
6.267787e-01 -2.558995e-01 7.198416e-02 
2
2
7 6 4 2 0 -1
7 7 4 1 0 2
haar_y2
1.705615e-04 1 0
2
15 17 1 2 0 -1
15 18 1 1 0 2
haar_y2
5.993750e-04 -1 -2
1.168047e-01 1.664221e-02 -5.049293e-01 
2
2
7 0 6 1 0 -1
10 0 3 1 0 2
haar_x2
-6.308529e-04 1 0
2
12 5 8 1 0 -1
16 5 4 1 0 2
haar_x2
1.702449e-02 -1 -2
1.117443e-01 -2.879074e-01 4.930244e-01 
2
2
6 5 2 1 0 -1
7 5 1 1 0 2
haar_x2
1.399464e-05 0 1
2
4 5 5 2 0 -1
4 6 5 1 0 2
haar_y2
3.589406e-03 -1 -2
-1.395612e-01 2.799567e-01 -2.342829e-01 
2
2
17 9 1 3 0 -1
17 10 1 1 0 3
haar_y3
-3.182773e-03 0 1
2
16 12 2 1 0 -1
17 12 1 1 0 2
haar_x2
1.103122e-04 -1 -2
4.496387e-01 7.236695e-02 -2.637099e-01 
2
3
7 0 6 6 0 -1
7 0 3 3 0 2
10 3 3 3 0 2
haar_x2_y2
8.379050e-03 1 0
2
9 7 3 2 0 -1
10 8 1 2 0 3
tilted_haar_x3
1.124656e-03 -1 -2
2.690164e-01 -3.155546e-01 6.746381e-02 
2
2
0 10 11 4 0 -1
0 11 11 2 0 2
haar_y4
-1.668471e-02 0 1
3
9 2 4 2 0 -1
9 2 2 1 0 2
11 3 2 1 0 2
haar_x2_y2
-4.829720e-03 -1 -2
-4.553669e-01 5.729474e-01 2.031509e-03 
2
2
6 5 6 1 0 -1
6 5 3 1 0 2
tilted_haar_x2
-3.818102e-03 1 0
2
10 11 1 4 0 -1
10 13 1 2 0 2
haar_y2
-9.408325e-04 -1 -2
1.254453e-01 -2.850050e-02 -5.803403e-01 
2
2
15 0 2 1 0 -1
16 0 1 1 0 2
haar_x2
2.485263e-04 1 0
2
5 9 3 5 0 -1
6 9 1 5 0 3
haar_x3
2.329935e-03 -1 -2
-2.606877e-01 1.776786e-01 -2.907560e-01 
2
2
15 5 3 3 0 -1
16 6 1 1 0 9
haar_point
1.486615e-02 1 0
2
14 3 6 6 0 -1
16 5 2 2 0 9
haar_point
-1.053243e-02 -1 -2
4.761171e-01 8.883315e-02 -2.406509e-01 
2
2
18 6 2 1 0 -1
18 6 1 1 0 2
tilted_haar_x2
-4.760588e-04 1 0
3
18 8 2 2 0 -1
18 8 1 1 0 2
19 9 1 1 0 2
haar_x2_y2
2.338551e-03 -1 -2
1.160963e-01 -3.141776e-01 4.985198e-01 
2
2
5 14 6 1 0 -1
7 14 2 1 0 3
haar_x3
-1.219908e-03 0 1
3
8 11 2 2 0 -1
8 11 1 1 0 2
9 12 1 1 0 2
haar_x2_y2
-1.564336e-05 -1 -2
2.249371e-01 9.059877e-02 -2.908330e-01 
2
2
18 18 2 2 0 -1
18 19 2 1 0 2
haar_y2
-2.801631e-03 0 1
2
10 9 8 6 0 -1
10 12 8 3 0 2
haar_y2
1.458825e-02 -1 -2
-3.832160e-01 1.316056e-01 -3.224006e-01 
2
3
12 15 4 2 0 -1
12 15 2 1 0 2
14 16 2 1 0 2
haar_x2_y2
-4.845516e-03 0 1
2
1 14 9 6 0 -1
4 14 3 6 0 3
haar_x3
-5.266173e-03 -1 -2
4.761011e-01 1.228327e-01 -2.140319e-01 
-1.521519e+00

10
-1
