26
2
2
2 16 17 4 0 -1
2 18 17 2 0 2
haar_y2
3.137228e-02 0 1
2
0 1 2 19 0 -1
1 1 1 19 0 2
haar_x2
-8.327371e-03 -1 -2
-2.689196e-01 7.377450e-01 8.100961e-03 
2
2
6 7 6 6 0 -1
8 9 2 2 0 9
haar_point
8.463783e-03 0 1
2
11 8 2 4 0 -1
12 8 1 4 0 2
haar_x2
-5.202091e-04 -1 -2
-4.052282e-01 4.112572e-01 -2.515701e-01 
2
2
19 1 1 18 0 -1
19 7 1 6 0 3
haar_y3
-3.725026e-02 0 1
2
17 9 3 3 0 -1
18 10 1 1 0 9
haar_point
-9.407614e-03 -1 -2
4.181732e-01 3.267216e-01 -3.161411e-01 
2
2
2 9 2 1 0 -1
3 9 1 1 0 2
haar_x2
1.399464e-05 0 1
2
11 7 6 6 0 -1
13 7 2 6 0 3
haar_x3
-2.183693e-02 -1 -2
-3.131543e-01 -5.910758e-01 3.238966e-01 
2
2
4 12 8 2 0 -1
4 13 8 1 0 2
haar_y2
-4.489901e-04 1 0
2
1 0 19 6 0 -1
1 3 19 3 0 2
haar_y2
-8.085237e-02 -1 -2
-3.709016e-01 4.824986e-01 -3.203243e-02 
2
3
18 7 2 4 0 -1
18 7 1 2 0 2
19 9 1 2 0 2
haar_x2_y2
-3.628606e-03 0 1
3
12 6 6 2 0 -1
12 6 3 1 0 2
15 7 3 1 0 2
haar_x2_y2
4.853945e-03 -1 -2
5.432128e-01 -1.910041e-01 4.674433e-01 
2
2
12 8 1 3 0 -1
11 9 1 1 0 3
tilted_haar_y3
3.367877e-03 1 0
2
11 7 4 2 0 -1
11 7 2 2 0 2
tilted_haar_x2
5.135310e-04 -1 -2
-5.475706e-01 -3.566620e-01 2.044978e-01 
2
2
3 1 12 3 0 -1
6 4 6 3 0 2
tilted_haar_x4
-2.400457e-02 0 1
2
4 2 4 2 0 -1
4 2 2 2 0 2
tilted_haar_x2
-4.934037e-03 -1 -2
3.863069e-01 1.406423e-01 -3.965373e-01 
2
2
3 14 2 1 0 -1
4 14 1 1 0 2
haar_x2
-1.337023e-04 1 0
2
5 12 1 2 0 -1
5 12 1 1 0 2
tilted_haar_y2
-6.574035e-03 -1 -2
1.629816e-01 4.877525e-01 -4.197356e-01 
2
2
10 13 1 2 0 -1
10 14 1 1 0 2
haar_y2
-1.564336e-05 1 0
2
11 10 3 2 0 -1
12 11 1 2 0 3
tilted_haar_x3
6.634879e-04 -1 -2
-2.589262e-01 3.722048e-01 -1.198643e-01 
2
2
7 4 8 11 0 -1
9 4 4 11 0 2
haar_x4
-3.514355e-02 0 1
2
18 3 2 15 0 -1
19 3 1 15 0 2
haar_x2
1.102973e-02 -1 -2
-7.753715e-01 -6.144256e-02 4.276163e-01 
2
3
10 4 6 2 0 -1
10 4 3 1 0 2
13 5 3 1 0 2
haar_x2_y2
8.053659e-03 1 0
3
9 12 4 4 0 -1
9 12 2 2 0 2
11 14 2 2 0 2
haar_x2_y2
-2.921865e-03 -1 -2
6.728735e-01 3.118687e-01 -1.710991e-01 
2
2
7 6 13 6 0 -1
7 9 13 3 0 2
haar_y2
-6.173546e-02 0 1
2
8 4 9 6 0 -1
11 4 3 6 0 3
haar_x3
4.718375e-02 -1 -2
-5.469597e-01 1.567045e-01 -5.386308e-01 
2
2
2 9 3 1 0 -1
3 9 1 1 0 3
haar_x3
9.505978e-04 1 0
2
1 9 2 2 0 -1
2 9 1 2 0 2
haar_x2
1.522906e-05 -1 -2
-4.110092e-01 -1.905320e-01 2.721639e-01 
2
2
0 15 12 1 0 -1
4 15 4 1 0 3
haar_x3
-9.743929e-03 0 1
2
3 15 5 2 0 -1
3 16 5 1 0 2
haar_y2
2.876840e-04 -1 -2
3.198017e-01 3.678543e-02 -4.284929e-01 
2
2
1 2 16 16 0 -1
1 6 16 8 0 2
haar_y4
-2.820982e-01 0 1
3
7 0 4 2 0 -1
7 0 2 1 0 2
9 1 2 1 0 2
haar_x2_y2
3.553641e-03 -1 -2
5.833389e-01 -1.466478e-01 5.507060e-01 
2
2
11 9 3 6 0 -1
11 12 3 3 0 2
haar_y2
-3.426643e-04 1 0
2
8 6 4 1 0 -1
9 7 2 1 0 2
tilted_haar_x4
3.296911e-04 -1 -2
-3.522559e-01 -1.424213e-01 2.995421e-01 
2
3
12 13 6 2 0 -1
12 13 3 1 0 2
15 14 3 1 0 2
haar_x2_y2
-3.781084e-03 0 1
2
16 10 3 3 0 -1
17 11 1 1 0 9
haar_point
1.530947e-02 -1 -2
4.541536e-01 -1.695694e-01 5.472054e-01 
2
2
11 10 2 1 0 -1
12 10 1 1 0 2
haar_x2
-1.495371e-05 1 0
2
5 8 9 6 0 -1
8 10 3 2 0 9
haar_point
9.695949e-02 -1 -2
-2.801098e-01 2.504878e-01 -5.870410e-01 
2
2
16 0 4 1 0 -1
18 0 2 1 0 2
haar_x2
-1.260707e-03 0 1
2
17 0 2 1 0 -1
18 0 1 1 0 2
haar_x2
1.546410e-04 -1 -2
-3.859530e-01 3.168524e-01 -1.831084e-01 
2
2
6 14 4 2 0 -1
6 15 4 1 0 2
haar_y2
-1.632337e-05 0 1
2
6 13 2 6 0 -1
6 15 2 2 0 3
haar_y3
7.328968e-03 -1 -2
1.646287e-01 -5.078794e-01 1.874357e-01 
2
2
14 4 3 3 0 -1
15 5 1 1 0 9
haar_point
-9.518214e-03 0 1
3
6 0 10 4 0 -1
6 0 5 2 0 2
11 2 5 2 0 2
haar_x2_y2
-1.999197e-02 -1 -2
4.164858e-01 3.854999e-01 -2.191138e-01 
2
2
3 5 13 4 0 -1
3 7 13 2 0 2
haar_y2
6.178480e-02 1 0
2
8 5 2 2 0 -1
8 6 2 1 0 2
haar_y2
2.849518e-04 -1 -2
-6.689236e-01 -1.419571e-01 3.117733e-01 
2
2
10 9 3 3 0 -1
11 9 1 3 0 3
haar_x3
1.695958e-03 1 0
2
2 16 2 1 0 -1
3 16 1 1 0 2
haar_x2
-1.316168e-04 -1 -2
-4.629219e-01 -2.078362e-01 2.528275e-01 
2
2
9 9 2 9 0 -1
6 12 2 3 0 3
tilted_haar_y3
-2.398941e-02 1 0
2
0 9 12 6 0 -1
0 11 12 2 0 3
haar_y3
7.017654e-02 -1 -2
-2.320780e-01 3.385903e-01 -7.077299e-01 
2
3
12 7 6 2 0 -1
12 7 3 1 0 2
15 8 3 1 0 2
haar_x2_y2
5.028635e-03 1 0
3
14 11 2 6 0 -1
14 11 1 3 0 2
15 14 1 3 0 2
haar_x2_y2
1.700665e-03 -1 -2
5.610193e-01 -2.388487e-01 2.395443e-01 
-1.482956e+00

3
-1
