43
2
2
2 12 15 8 0 -1
2 14 15 4 0 2
haar_y4
-3.994750e-02 1 0
2
13 16 2 1 0 -1
14 16 1 1 0 2
haar_x2
-1.256331e-04 -1 -2
-2.032302e-01 -1.275962e-01 3.638507e-01 
2
2
5 11 5 3 0 -1
5 12 5 1 0 3
haar_y3
6.821298e-03 1 0
2
8 8 3 5 0 -1
9 8 1 5 0 3
haar_x3
-3.691462e-04 -1 -2
-5.671102e-01 -2.667696e-01 1.651008e-01 
2
2
19 1 1 12 0 -1
19 7 1 6 0 2
haar_y2
-2.420319e-02 0 1
2
18 0 2 6 0 -1
16 2 2 2 0 3
tilted_haar_y3
-1.045113e-02 -1 -2
2.776404e-01 7.943694e-02 -2.756806e-01 
2
2
15 7 2 3 0 -1
15 8 2 1 0 3
haar_y3
-4.830752e-03 0 1
2
3 13 2 2 0 -1
3 13 2 1 0 2
tilted_haar_y2
-1.378060e-02 -1 -2
4.199880e-01 3.986518e-01 -1.613869e-01 
2
2
2 14 1 2 0 -1
2 15 1 1 0 2
haar_y2
2.254201e-04 1 0
2
0 11 3 6 0 -1
1 13 1 2 0 9
haar_point
-1.133586e-02 -1 -2
-2.725597e-01 4.250749e-01 -3.295373e-02 
2
2
11 8 3 3 0 -1
12 8 1 3 0 3
haar_x3
2.645165e-03 1 0
2
14 8 4 3 0 -1
14 9 4 1 0 3
haar_y3
-3.237682e-03 -1 -2
-5.685728e-01 3.352713e-01 -5.744078e-02 
2
2
4 11 6 2 0 -1
4 11 3 2 0 2
tilted_haar_x2
-2.616916e-02 0 1
2
11 16 1 2 0 -1
11 17 1 1 0 2
haar_y2
6.563507e-05 -1 -2
3.266051e-01 6.155044e-02 -3.172977e-01 
2
2
14 9 6 3 0 -1
16 10 2 1 0 9
haar_point
-8.671287e-03 1 0
2
17 10 2 1 0 -1
18 10 1 1 0 2
haar_x2
2.187247e-04 -1 -2
-1.316274e-01 4.999414e-01 -6.743177e-02 
2
2
4 12 8 2 0 -1
4 13 8 1 0 2
haar_y2
-2.620274e-04 1 0
2
0 2 4 18 0 -1
2 2 2 18 0 2
haar_x2
-6.161830e-02 -1 -2
-2.842788e-01 4.660406e-01 2.263518e-03 
2
2
1 10 2 1 0 -1
2 10 1 1 0 2
haar_x2
-1.058171e-04 0 1
3
18 9 2 8 0 -1
18 9 1 4 0 2
19 13 1 4 0 2
haar_x2_y2
3.650327e-03 -1 -2
-2.791325e-01 -3.738066e-02 3.347661e-01 
2
2
19 10 1 2 0 -1
19 11 1 1 0 2
haar_y2
2.358611e-04 1 0
2
19 10 1 2 0 -1
19 11 1 1 0 2
haar_y2
-1.732999e-04 -1 -2
-2.384747e-01 -8.681103e-02 2.990723e-01 
2
3
18 10 2 2 0 -1
18 10 1 1 0 2
19 11 1 1 0 2
haar_x2_y2
1.638325e-03 1 0
2
11 6 9 3 0 -1
14 7 3 1 0 9
haar_point
-9.081610e-03 -1 -2
4.126567e-01 1.273226e-01 -2.185620e-01 
2
2
5 10 3 1 0 -1
6 10 1 1 0 3
haar_x3
-1.488769e-03 1 0
2
3 0 6 12 0 -1
3 3 6 6 0 2
haar_y4
6.407339e-02 -1 -2
5.231172e-02 -7.128138e-01 7.753806e-01 
2
2
8 16 5 3 0 -1
8 17 5 1 0 3
haar_y3
1.602135e-03 0 1
2
5 15 4 2 0 -1
5 16 4 1 0 2
haar_y2
-1.769995e-05 -1 -2
-1.110611e-01 4.600897e-01 -5.980303e-02 
2
3
12 6 4 2 0 -1
12 6 2 1 0 2
14 7 2 1 0 2
haar_x2_y2
3.350091e-03 1 0
2
8 4 3 10 0 -1
9 4 1 10 0 3
haar_x3
-4.654689e-03 -1 -2
3.861074e-01 -5.521051e-01 1.737365e-03 
2
2
5 0 4 5 0 -1
6 1 2 5 0 2
tilted_haar_x4
-7.383134e-03 0 1
2
3 1 16 1 0 -1
7 5 8 1 0 2
tilted_haar_x4
-4.360354e-02 -1 -2
1.718930e-01 3.443586e-01 -2.211569e-01 
2
2
15 11 3 3 0 -1
14 12 3 1 0 3
tilted_haar_y3
-7.275964e-03 0 1
2
15 13 3 3 0 -1
14 14 3 1 0 3
tilted_haar_y3
-5.823276e-03 -1 -2
2.871450e-01 1.846179e-01 -2.008303e-01 
2
2
12 9 3 4 0 -1
13 9 1 4 0 3
haar_x3
-2.204143e-03 0 1
2
12 8 2 4 0 -1
13 8 1 4 0 2
haar_x2
-3.176692e-04 -1 -2
-3.231074e-01 1.904210e-01 -1.835765e-01 
2
2
14 2 1 3 0 -1
14 3 1 1 0 3
haar_y3
4.333018e-03 1 0
2
6 16 12 3 0 -1
10 17 4 1 0 9
haar_point
-2.171489e-02 -1 -2
4.747020e-01 1.506716e-01 -1.639699e-01 
2
2
14 17 1 2 0 -1
14 18 1 1 0 2
haar_y2
3.251357e-04 1 0
2
13 14 3 6 0 -1
14 16 1 2 0 9
haar_point
-6.487901e-03 -1 -2
-1.842841e-01 4.232931e-01 -4.497740e-03 
2
3
9 0 4 6 0 -1
9 0 2 3 0 2
11 3 2 3 0 2
haar_x2_y2
3.367633e-03 1 0
2
13 7 3 5 0 -1
14 8 1 5 0 3
tilted_haar_x3
1.782685e-03 -1 -2
2.453356e-01 3.218734e-02 -3.499505e-01 
2
2
12 8 1 2 0 -1
12 8 1 1 0 2
tilted_haar_y2
-4.094785e-03 0 1
2
3 11 2 1 0 -1
4 11 1 1 0 2
haar_x2
1.472484e-05 -1 -2
-7.060863e-01 -1.522783e-01 1.531710e-01 
2
2
0 10 3 1 0 -1
1 10 1 1 0 3
haar_x3
-2.910329e-04 1 0
3
0 11 2 4 0 -1
0 11 1 2 0 2
1 13 1 2 0 2
haar_x2_y2
6.228095e-03 -1 -2
1.162667e-01 -2.545591e-01 4.796083e-01 
2
2
17 10 3 3 0 -1
18 11 1 1 0 9
haar_point
2.415956e-02 1 0
3
9 3 4 2 0 -1
9 3 2 1 0 2
11 4 2 1 0 2
haar_x2_y2
-4.937875e-03 -1 -2
5.987568e-01 4.681441e-01 -7.356066e-02 
2
2
6 9 1 3 0 -1
6 10 1 1 0 3
haar_y3
1.762995e-03 1 0
2
12 6 7 3 0 -1
11 7 7 1 0 3
tilted_haar_y3
-5.931160e-03 -1 -2
-4.265003e-01 3.030283e-01 -3.415852e-02 
2
2
17 5 2 1 0 -1
18 5 1 1 0 2
haar_x2
8.788270e-05 0 1
2
17 4 3 3 0 -1
18 5 1 1 0 9
haar_point
1.371576e-02 -1 -2
1.251568e-01 -3.041928e-01 3.251180e-01 
2
2
18 0 2 18 0 -1
19 0 1 18 0 2
haar_x2
4.932517e-03 0 1
2
8 1 6 11 0 -1
10 1 2 11 0 3
haar_x3
-2.865090e-02 -1 -2
-1.388518e-01 -6.807909e-01 2.130884e-01 
2
2
7 8 1 4 0 -1
7 9 1 2 0 2
haar_y4
2.312513e-04 1 0
2
4 9 16 2 0 -1
12 9 8 2 0 2
haar_x2
-3.130337e-03 -1 -2
1.201425e-01 -3.562967e-01 1.683553e-01 
2
2
10 8 9 8 0 -1
13 8 3 8 0 3
haar_x3
-4.037042e-02 1 0
2
8 0 10 3 0 -1
13 0 5 3 0 2
haar_x2
5.412183e-03 -1 -2
7.998302e-02 -5.851105e-01 1.073458e-01 
2
3
2 16 14 2 0 -1
2 16 7 1 0 2
9 17 7 1 0 2
haar_x2_y2
1.832326e-02 1 0
2
15 5 2 1 0 -1
16 5 1 1 0 2
haar_x2
2.274235e-04 -1 -2
5.377941e-01 3.924490e-02 -2.931886e-01 
2
2
12 11 2 1 0 -1
12 11 1 1 0 2
tilted_haar_x2
2.505641e-04 0 1
3
14 8 4 2 0 -1
14 8 2 1 0 2
16 9 2 1 0 2
haar_x2_y2
1.784801e-03 -1 -2
-2.320511e-01 -1.225120e-02 4.433518e-01 
2
2
1 0 18 20 0 -1
7 0 6 20 0 3
haar_x3
-5.192225e-01 0 1
2
11 7 6 10 0 -1
14 7 3 10 0 2
haar_x2
2.453566e-02 -1 -2
8.384867e-01 3.618513e-02 -5.157729e-01 
2
2
15 13 3 3 0 -1
16 14 1 1 0 9
haar_point
1.835343e-02 1 0
2
17 13 1 2 0 -1
17 14 1 1 0 2
haar_y2
2.241489e-04 -1 -2
5.144424e-01 6.519929e-02 -2.539786e-01 
2
2
12 13 6 3 0 -1
14 14 2 1 0 9
haar_point
-2.869267e-03 0 1
2
14 11 1 4 0 -1
14 13 1 2 0 2
haar_y2
2.218973e-03 -1 -2
1.540669e-01 -2.943346e-01 1.948967e-01 
2
2
3 1 4 3 0 -1
4 2 2 3 0 2
tilted_haar_x4
6.632665e-03 1 0
2
2 5 3 7 0 -1
3 5 1 7 0 3
haar_x3
-1.048711e-03 -1 -2
2.510105e-01 -3.348239e-01 2.450903e-02 
2
2
3 5 2 1 0 -1
4 5 1 1 0 2
haar_x2
1.522906e-05 0 1
3
18 8 2 2 0 -1
18 8 1 1 0 2
19 9 1 1 0 2
haar_x2_y2
2.108602e-03 -1 -2
-1.616557e-01 6.150661e-02 6.671388e-01 
2
2
0 5 9 4 0 -1
3 5 3 4 0 3
haar_x3
-9.514229e-03 0 1
3
9 5 6 2 0 -1
9 5 3 1 0 2
12 6 3 1 0 2
haar_x2_y2
3.575206e-03 -1 -2
2.067200e-01 -1.888970e-01 2.762608e-01 
2
2
2 5 2 1 0 -1
2 5 1 1 0 2
tilted_haar_x2
4.440424e-04 0 1
2
1 3 3 1 0 -1
2 4 1 1 0 3
tilted_haar_x3
6.772315e-03 -1 -2
1.173307e-01 -3.212342e-01 2.629370e-01 
2
3
11 6 8 8 0 -1
11 6 4 4 0 2
15 10 4 4 0 2
haar_x2_y2
5.973958e-02 1 0
2
13 9 7 6 0 -1
13 12 7 3 0 2
haar_y2
-6.208272e-02 -1 -2
-6.364799e-01 -6.203163e-01 6.449570e-02 
2
2
14 6 2 11 0 -1
15 6 1 11 0 2
haar_x2
-8.998046e-03 0 1
2
14 7 4 9 0 -1
15 7 2 9 0 2
haar_x4
-2.561515e-03 -1 -2
-3.482726e-01 2.606134e-01 -5.873812e-02 
2
3
8 18 6 2 0 -1
8 18 3 1 0 2
11 19 3 1 0 2
haar_x2_y2
-1.002730e-02 0 1
2
15 4 1 3 0 -1
15 5 1 1 0 3
haar_y3
4.968598e-03 -1 -2
5.520220e-01 -7.253870e-02 5.276308e-01 
2
2
15 3 3 3 0 -1
16 4 1 3 0 3
tilted_haar_x3
-2.934017e-03 1 0
2
14 6 4 1 0 -1
15 6 2 1 0 2
haar_x4
-2.855507e-04 -1 -2
-9.544852e-02 -1.489701e-01 3.878724e-01 
2
2
17 15 2 1 0 -1
18 15 1 1 0 2
haar_x2
1.293941e-04 1 0
2
17 15 2 1 0 -1
18 15 1 1 0 2
haar_x2
-1.672137e-04 -1 -2
-1.628515e-01 -8.272114e-02 3.280493e-01 
-1.507197e+00

13
-1
