13
2
2
12 8 4 3 0 -1
12 8 2 3 0 2
tilted_haar_x2
1.590807e-03 0 1
2
16 5 4 6 0 -1
16 5 4 3 0 2
tilted_haar_y2
2.563718e-02 -1 -2
-6.809021e-01 4.301000e-01 -4.856683e-01 
2
2
17 0 3 20 0 -1
17 5 3 10 0 2
haar_y4
-3.721303e-02 1 0
2
11 8 3 3 0 -1
12 8 1 3 0 3
haar_x3
2.629671e-03 -1 -2
-3.518671e-01 4.797539e-01 -7.382857e-01 
2
2
8 6 1 8 0 -1
8 8 1 4 0 2
haar_y4
2.384998e-05 0 1
2
8 7 3 4 0 -1
9 7 1 4 0 3
haar_x3
-2.096461e-03 -1 -2
-5.074195e-01 -7.456781e-01 3.330266e-01 
2
2
16 2 4 18 0 -1
18 2 2 18 0 2
haar_x2
3.707759e-02 1 0
3
18 7 2 12 0 -1
18 7 1 6 0 2
19 13 1 6 0 2
haar_x2_y2
8.678280e-03 -1 -2
5.606745e-01 -3.479100e-01 3.736659e-01 
2
2
7 7 3 4 0 -1
8 7 1 4 0 3
haar_x3
-2.646192e-03 0 1
2
4 11 5 4 0 -1
3 12 5 2 0 2
tilted_haar_y4
-1.574381e-02 -1 -2
-7.173135e-01 5.476203e-01 -8.579986e-02 
2
2
9 8 3 1 0 -1
10 8 1 1 0 3
haar_x3
-1.049971e-03 0 1
2
5 1 10 18 0 -1
5 10 10 9 0 2
haar_y2
1.120508e-01 -1 -2
-6.884161e-01 2.270093e-01 -4.839081e-01 
2
2
2 9 2 3 0 -1
3 9 1 3 0 2
haar_x2
-1.463453e-04 0 1
2
11 8 3 3 0 -1
12 8 1 3 0 3
haar_x3
-2.853669e-03 -1 -2
-3.718667e-01 -7.081583e-01 2.933946e-01 
2
2
0 12 6 7 0 -1
3 12 3 7 0 2
haar_x2
-4.783105e-02 0 1
2
1 13 2 1 0 -1
2 13 1 1 0 2
haar_x2
-9.441245e-05 -1 -2
6.319403e-01 -4.917322e-01 6.888417e-02 
2
2
5 10 2 1 0 -1
6 10 1 1 0 2
haar_x2
-3.121091e-04 0 1
2
4 10 3 2 0 -1
5 10 1 2 0 3
haar_x3
-1.747157e-03 -1 -2
-4.676863e-01 -4.189497e-01 2.643415e-01 
2
2
2 0 16 20 0 -1
2 10 16 10 0 2
haar_y2
-5.846270e-01 0 1
2
10 7 4 1 0 -1
10 7 2 1 0 2
tilted_haar_x2
2.264561e-04 -1 -2
-8.037817e-01 -3.377983e-01 2.615516e-01 
2
2
16 8 4 3 0 -1
18 8 2 3 0 2
haar_x2
-4.506492e-03 0 1
2
0 1 20 18 0 -1
5 1 10 18 0 2
haar_x4
-3.825248e-01 -1 -2
3.014653e-01 8.128414e-01 -3.156494e-01 
2
2
10 8 3 3 0 -1
11 8 1 3 0 3
haar_x3
-3.403997e-03 0 1
2
6 0 2 6 0 -1
6 0 1 6 0 2
tilted_haar_x2
2.017436e-02 -1 -2
-6.846852e-01 -2.936621e-03 7.174523e-01 
2
2
10 6 8 7 0 -1
14 6 4 7 0 2
haar_x2
-1.641922e-02 0 1
2
6 0 6 18 0 -1
6 6 6 6 0 3
haar_y3
-1.853967e-01 -1 -2
2.269135e-01 6.843659e-01 -4.095652e-01 
-1.721993e+00

0
-1
